8 5000
A
B A
C A
D B C
E
F E
G F
H G
1 1 0 1 1 0 1 0
1 1 0 1 0 0 1 1
0 1 1 1 0 0 1 1
1 0 1 1 1 1 1 0
0 1 0 1 1 0 1 1
1 0 1 1 1 1 1 1
1 1 1 0 0 0 0 1
0 0 0 1 1 1 0 0
1 0 1 1 0 1 1 1
1 1 1 1 0 0 1 1
0 1 0 1 0 0 0 1
0 0 0 1 0 1 1 0
1 1 1 1 1 1 1 1
1 0 1 1 0 0 1 1
1 1 1 1 0 1 1 1
0 1 0 1 0 0 0 1
1 0 1 1 0 1 1 1
0 1 1 1 0 0 1 1
0 0 0 1 0 1 0 0
0 1 1 1 0 0 1 1
0 1 1 1 1 0 1 1
1 1 0 1 0 1 1 1
0 1 1 1 0 0 1 1
0 1 1 1 0 0 1 1
1 1 0 1 0 1 1 1
1 1 1 1 0 1 1 1
1 1 0 1 0 0 0 1
0 1 1 1 1 1 1 1
0 1 1 1 0 0 1 1
1 1 1 1 0 1 1 1
0 1 1 1 0 1 1 1
1 1 1 1 0 0 1 1
0 1 1 0 1 0 1 1
1 1 1 1 0 0 1 1
1 0 1 1 0 1 1 1
1 1 1 0 0 0 1 1
0 1 0 1 0 1 0 1
0 1 1 1 0 1 1 1
0 1 1 0 1 0 1 1
0 1 1 1 0 0 1 1
1 1 1 0 0 0 1 1
0 1 1 1 1 0 1 1
1 0 0 1 0 1 0 1
0 1 1 0 0 0 0 1
0 1 0 0 1 0 1 0
0 1 1 1 1 0 1 1
0 1 0 1 1 0 0 1
0 1 0 0 0 0 0 1
1 1 0 1 0 0 1 1
0 1 0 1 0 1 1 1
1 0 1 0 0 1 1 1
1 1 0 0 0 0 0 1
0 1 1 1 0 0 1 1
1 0 0 1 1 0 1 0
1 1 1 0 1 1 0 1
1 0 0 1 0 1 0 1
1 1 1 1 1 1 1 1
0 0 1 0 0 0 1 1
0 1 1 0 0 0 1 1
1 0 1 1 0 0 1 1
1 0 1 0 0 0 1 0
1 1 0 1 0 1 1 1
0 0 1 1 0 1 1 1
1 0 0 1 1 0 1 0
1 0 0 1 1 1 0 0
1 1 0 1 0 1 0 0
1 0 1 1 0 1 1 1
1 1 1 1 0 1 1 1
1 1 1 1 0 1 1 1
1 1 1 1 0 1 1 1
1 0 1 0 1 1 1 1
1 0 1 1 0 1 1 1
0 1 1 1 0 0 0 1
1 1 1 1 0 0 1 1
1 1 1 1 0 0 0 1
1 1 1 1 0 1 1 1
1 0 0 1 1 0 0 0
1 1 1 0 1 0 1 1
0 1 1 0 1 0 1 1
1 0 0 1 1 1 1 1
0 1 0 1 0 0 0 1
1 1 1 1 0 1 1 1
0 0 0 1 1 1 1 1
0 1 0 1 0 0 1 1
1 1 1 0 0 0 0 1
0 1 1 1 0 1 1 1
0 0 0 1 1 1 1 0
0 1 1 1 0 0 1 1
0 0 0 1 1 0 1 1
0 0 1 1 1 0 1 0
0 1 0 1 0 0 1 1
0 1 1 1 0 0 1 1
1 0 1 1 1 1 1 1
0 1 0 1 0 0 1 1
0 1 0 1 0 0 1 1
0 0 1 1 1 1 1 0
0 1 1 1 0 0 1 1
0 1 1 1 1 0 1 0
1 1 1 1 1 0 1 1
0 1 0 1 0 0 0 1
1 0 1 1 1 1 1 1
1 1 0 1 0 0 1 1
1 1 1 1 0 1 1 1
1 0 0 0 1 0 1 0
1 1 1 1 0 1 1 1
0 1 1 1 1 0 0 1
0 1 1 0 1 0 0 1
1 1 1 1 1 1 1 1
1 1 1 1 0 1 1 1
0 1 1 1 0 0 0 1
1 1 0 0 0 0 1 1
1 0 1 1 0 1 1 1
1 0 1 1 0 1 1 1
1 0 1 0 1 0 1 0
1 1 0 0 1 0 1 1
1 1 1 1 0 1 0 1
1 1 0 0 0 0 1 1
0 1 0 0 0 0 1 1
1 1 1 1 1 1 1 1
1 1 0 1 0 1 1 1
0 1 1 1 1 0 1 1
0 0 1 1 0 0 1 1
1 1 1 1 0 0 1 1
0 1 0 1 1 1 1 1
0 1 1 1 0 1 0 1
0 1 1 1 0 0 1 1
1 1 0 1 0 1 0 1
1 0 1 0 0 1 1 1
0 0 1 1 0 1 1 1
0 1 1 1 1 0 1 1
1 1 1 1 0 1 1 1
1 1 1 1 1 1 1 1
0 1 0 1 0 0 1 1
1 0 1 1 0 1 0 1
0 0 1 1 0 1 1 1
0 1 1 0 1 0 1 1
1 1 1 1 1 0 1 1
0 1 1 1 1 1 1 1
1 1 1 1 0 0 1 1
0 0 0 1 0 0 0 1
0 1 1 0 0 0 1 1
1 1 1 1 1 1 1 1
1 0 0 1 1 1 1 1
1 0 1 0 1 0 1 1
0 1 1 1 0 1 1 1
1 1 1 0 0 0 1 1
0 1 1 0 0 0 1 1
1 1 0 1 1 1 1 1
1 1 0 1 0 0 0 1
0 1 1 0 0 0 1 1
0 1 1 1 0 1 1 1
1 1 1 0 0 0 1 1
1 1 1 0 1 0 1 1
1 1 1 1 0 1 1 1
0 1 1 1 0 0 1 1
1 1 0 1 0 1 0 1
0 0 1 1 0 1 1 1
1 0 1 0 1 0 1 0
1 1 1 0 0 0 1 1
0 1 0 0 1 0 0 1
0 0 1 1 0 0 1 1
1 0 0 1 1 0 0 0
1 1 1 1 1 0 1 1
1 0 0 1 1 0 0 0
1 1 0 1 0 0 1 1
0 0 0 1 0 0 1 0
1 1 1 0 0 1 0 1
0 0 1 1 1 1 1 0
0 1 0 1 0 1 1 1
0 0 0 1 0 1 0 1
0 0 0 1 1 1 1 0
1 0 1 0 0 0 1 1
0 1 1 1 0 0 1 1
1 1 1 0 0 0 1 1
1 0 0 1 0 1 1 1
0 1 0 1 0 0 1 1
1 1 1 1 1 1 1 1
1 1 0 1 1 0 1 1
0 1 1 1 0 0 0 1
1 1 1 1 0 0 1 1
1 1 1 1 0 0 1 1
0 1 0 1 0 0 0 1
0 1 1 1 1 1 1 1
1 0 1 1 1 0 1 0
1 1 1 1 1 1 1 1
1 1 0 1 1 1 0 1
0 0 0 1 1 1 1 0
1 1 1 1 0 0 1 1
0 0 0 1 1 1 1 0
1 0 1 1 1 0 1 0
1 1 0 1 0 0 0 0
1 1 1 0 0 0 1 1
0 1 1 1 0 0 1 1
1 0 0 1 1 0 1 0
1 1 1 1 0 0 0 1
1 0 1 1 1 1 1 1
1 1 1 1 0 1 1 1
0 0 1 0 0 0 1 1
0 1 1 0 1 0 1 1
1 1 0 1 0 1 0 1
1 1 1 0 0 0 1 1
1 1 1 0 0 0 1 1
1 1 1 1 0 0 1 1
1 1 1 1 0 1 0 1
0 1 0 1 0 0 1 1
0 1 1 1 0 0 1 1
1 1 1 1 0 1 1 1
1 1 1 1 0 0 1 1
1 0 0 1 0 1 1 0
0 0 1 1 0 1 1 1
0 1 1 1 0 0 1 1
1 1 1 0 1 0 1 1
1 0 0 0 0 1 0 1
1 1 0 1 0 1 1 1
0 0 1 1 0 1 0 1
1 1 1 1 0 1 1 1
0 0 0 0 1 0 0 0
0 1 0 1 1 0 1 1
0 1 1 0 1 0 1 1
1 1 1 1 0 1 1 1
0 1 0 1 0 0 0 1
0 1 1 1 0 0 1 1
1 1 0 1 1 1 1 1
0 1 1 1 1 1 1 1
0 0 1 1 0 1 1 1
1 0 1 1 1 0 1 0
0 1 1 1 0 1 0 1
0 1 1 1 0 0 0 1
1 1 0 1 1 1 1 1
1 1 0 1 0 0 1 1
1 0 1 1 1 1 1 0
0 0 1 1 0 1 1 1
1 1 0 1 0 0 1 1
1 1 0 0 0 0 1 1
1 1 1 1 1 0 1 1
1 1 1 1 0 1 0 1
0 0 0 1 1 1 1 0
1 0 0 1 1 1 1 1
0 1 0 0 1 0 1 0
0 1 1 1 0 1 1 1
0 0 0 1 1 1 1 0
0 0 1 1 1 0 1 0
0 1 0 1 0 1 1 1
1 1 1 0 0 0 1 1
1 0 0 1 0 0 0 1
0 1 1 1 0 0 1 1
1 0 1 1 0 1 1 1
1 1 0 1 0 1 0 1
1 0 1 0 1 0 1 0
0 1 0 1 0 0 1 1
1 0 1 1 0 1 1 1
0 0 1 1 1 0 1 1
1 0 1 1 1 0 1 0
1 1 1 1 0 0 1 1
1 0 0 1 1 1 1 0
0 0 1 1 0 1 1 1
0 1 0 1 1 0 0 1
1 1 1 1 1 1 1 1
1 1 1 1 0 1 0 1
1 1 1 1 1 1 1 1
1 1 0 1 0 1 1 1
1 1 1 1 0 0 1 1
0 1 1 0 0 0 1 1
1 0 1 1 1 0 1 0
1 1 1 1 0 1 1 1
1 0 0 1 1 1 1 0
1 0 0 1 1 1 0 0
1 1 1 1 0 1 0 1
0 1 1 1 1 1 1 1
1 0 0 1 0 0 1 0
0 0 1 1 0 1 0 1
0 1 1 1 0 0 0 1
0 1 1 1 0 1 1 1
1 1 0 1 1 1 1 1
0 1 1 0 0 0 1 1
1 1 1 1 1 0 1 1
0 1 0 1 0 0 1 1
0 1 1 1 0 0 1 1
1 0 1 1 1 0 1 1
0 0 0 1 1 0 0 0
1 1 1 0 0 1 0 1
0 1 0 1 0 1 0 1
1 1 1 1 1 1 1 1
1 1 0 1 1 0 0 0
1 1 0 0 0 0 0 1
1 1 0 1 1 1 1 1
0 1 0 0 0 0 0 1
1 1 0 0 0 0 0 1
0 1 1 1 0 1 1 1
1 1 1 1 0 0 0 1
1 1 1 0 1 0 1 1
0 1 1 1 0 1 1 1
1 1 0 0 0 0 1 1
1 1 1 1 1 1 0 1
0 1 1 0 0 0 1 1
0 1 1 0 0 0 0 1
0 0 0 1 1 0 0 0
1 1 1 1 0 1 1 1
0 1 0 1 0 1 0 1
1 1 0 0 1 0 1 0
0 1 0 1 0 0 1 1
0 1 1 1 0 0 1 1
1 1 1 1 0 0 1 1
0 1 0 1 0 0 0 1
1 0 0 0 1 0 0 0
0 0 1 0 0 0 0 1
1 1 0 0 0 0 0 1
1 0 0 1 0 1 1 1
1 0 1 1 0 1 1 0
0 0 1 1 0 1 1 1
1 1 0 0 1 0 1 1
0 0 1 1 1 0 1 1
0 0 1 1 1 0 1 1
1 1 1 1 0 0 1 1
0 1 1 1 0 0 1 1
1 1 1 0 1 0 1 1
0 0 0 1 1 1 1 0
0 0 1 1 0 1 1 1
0 1 0 0 0 0 0 1
1 0 1 1 1 1 0 0
1 0 1 1 1 0 1 1
0 1 0 1 1 0 1 0
0 1 1 0 0 0 0 1
1 1 1 1 0 0 1 1
1 0 0 1 0 1 1 0
1 1 0 1 0 0 1 1
1 0 1 1 1 1 1 0
0 1 1 0 0 0 1 1
0 1 1 1 0 1 1 1
0 1 1 1 1 0 1 1
0 1 1 0 0 0 0 1
0 1 0 1 0 1 1 1
0 1 1 1 0 0 1 1
1 1 1 1 0 0 1 1
1 0 0 1 1 0 1 0
1 1 1 1 0 1 1 1
1 1 1 1 0 1 1 1
0 1 1 1 1 1 1 1
0 1 1 1 0 0 1 1
0 1 1 0 0 0 1 1
1 1 1 1 0 0 1 1
0 1 1 1 0 0 1 1
1 1 1 1 0 1 1 1
0 0 0 1 0 1 0 0
1 1 1 1 0 0 1 1
1 0 1 1 0 1 1 1
1 1 1 1 0 0 1 1
1 1 0 1 0 1 1 1
0 1 0 1 0 0 0 1
1 1 1 1 0 0 1 1
1 1 1 1 0 1 0 1
0 1 0 0 1 0 1 1
0 0 1 1 0 0 1 1
1 1 0 1 0 1 1 1
1 1 1 1 0 1 1 1
1 0 1 1 1 1 1 0
0 0 0 1 0 1 1 1
1 1 1 1 0 1 1 1
1 1 1 1 0 0 1 1
1 1 1 1 1 1 1 1
0 1 0 1 1 1 0 1
1 1 1 1 0 0 0 1
1 1 0 1 1 0 1 1
1 1 1 1 0 1 1 1
1 1 1 1 0 1 1 1
0 0 1 1 0 1 1 1
1 1 1 1 0 1 1 1
0 1 1 1 1 0 1 1
0 0 1 1 0 0 1 1
0 1 1 0 0 0 1 1
1 1 1 1 0 1 1 1
0 1 1 0 0 0 1 1
0 0 0 0 1 0 1 0
0 0 1 1 0 1 0 1
0 1 1 0 0 0 1 1
1 1 1 0 1 0 1 1
0 1 0 0 1 0 1 1
0 1 1 0 0 0 1 1
1 1 1 0 1 0 1 1
1 1 1 1 1 1 1 1
1 1 0 1 0 1 1 1
1 1 1 1 0 0 1 1
0 1 0 1 0 1 0 1
0 1 0 1 0 0 0 1
0 1 1 0 0 0 1 1
1 1 0 1 1 1 0 1
0 1 1 0 0 0 1 1
1 0 1 1 0 0 1 1
1 1 1 1 0 1 1 1
1 1 1 1 0 0 1 1
1 0 1 1 1 1 1 1
0 1 0 0 0 0 1 1
1 1 1 1 1 1 1 1
0 1 0 1 0 0 0 1
0 1 1 1 0 1 1 1
1 0 1 0 0 0 1 1
0 1 0 1 1 0 1 1
1 1 1 1 0 1 1 1
1 1 0 1 0 0 1 1
1 1 1 1 0 0 0 1
1 0 1 1 1 1 1 1
0 1 1 1 0 0 0 1
1 1 1 1 1 1 1 1
0 1 1 1 0 0 1 1
0 1 0 1 1 1 1 1
0 0 1 1 1 0 1 0
1 1 1 1 0 0 1 1
0 1 1 1 1 0 1 1
0 1 1 1 0 0 1 1
1 0 1 1 0 1 0 1
0 0 0 1 1 0 0 0
1 0 1 1 0 1 1 1
0 0 0 1 0 0 1 1
0 0 0 0 1 0 1 0
1 0 0 1 1 0 0 0
1 1 0 1 1 1 1 1
0 1 1 1 0 0 1 1
1 1 1 1 0 1 0 1
1 1 0 0 0 0 0 1
1 1 0 1 0 0 0 1
0 1 0 1 0 1 0 1
1 1 1 1 0 0 1 1
0 1 1 1 0 0 1 1
1 1 0 1 0 1 1 1
0 0 0 0 1 0 1 0
0 1 1 1 1 0 1 1
1 0 1 1 1 1 1 1
1 1 1 1 1 0 1 0
0 1 1 1 1 1 1 1
1 0 0 1 1 0 0 1
1 1 1 1 0 1 1 1
0 0 0 1 1 1 0 0
0 0 1 1 0 1 0 1
0 1 0 1 0 0 0 0
1 1 1 1 1 0 1 1
0 1 1 1 0 0 0 1
1 1 0 0 1 0 1 0
1 1 0 1 1 1 0 0
1 1 1 1 0 1 1 1
1 1 1 0 1 0 1 1
1 1 1 1 1 1 0 1
1 1 1 1 1 0 1 1
1 1 1 1 1 1 1 1
0 1 1 1 1 1 1 1
1 0 0 1 1 1 1 0
1 0 0 1 0 0 0 0
0 1 1 1 0 0 1 1
1 1 1 1 0 1 1 1
1 0 0 1 0 1 1 0
0 1 1 1 0 1 1 1
0 1 0 1 1 0 0 1
1 0 0 0 1 1 1 0
0 1 1 1 0 0 0 1
0 1 1 1 0 0 0 1
0 0 0 1 1 0 1 0
0 1 1 1 1 1 1 1
0 0 0 1 1 1 1 0
1 0 0 1 1 1 1 0
0 0 1 1 0 0 0 1
1 1 0 1 0 1 0 1
1 0 0 1 0 0 0 0
1 0 0 1 0 1 1 1
1 1 1 1 0 1 1 1
1 0 1 1 1 1 0 1
1 1 1 1 0 1 0 1
0 1 1 0 0 0 1 1
1 1 1 1 1 0 1 1
0 1 1 1 0 1 1 1
1 0 1 1 0 1 1 1
1 1 0 1 0 0 0 1
0 1 1 1 0 1 1 1
1 1 1 0 0 0 0 1
1 0 0 1 1 1 1 1
1 1 1 1 0 1 1 1
0 1 1 1 0 1 1 1
0 1 1 0 1 0 1 1
0 1 1 1 0 1 1 1
0 1 1 1 1 0 1 1
1 1 0 1 0 0 1 1
0 1 1 1 1 0 1 1
0 1 1 1 0 0 1 1
0 1 1 1 0 0 1 1
1 1 1 1 0 1 1 1
0 0 0 0 1 0 1 0
1 1 0 1 1 1 1 1
1 1 1 1 1 0 1 1
0 1 0 1 0 0 1 1
0 0 1 1 1 1 1 0
1 1 1 1 0 0 1 1
1 0 0 1 0 1 0 0
1 0 1 1 0 0 0 1
1 1 1 1 0 1 1 1
1 1 1 0 1 0 1 1
1 1 1 1 0 1 1 1
0 1 1 1 1 1 1 1
1 0 0 1 1 1 0 0
1 0 0 1 1 0 1 1
1 1 1 1 0 1 1 1
1 1 0 1 1 1 1 1
0 1 1 1 0 1 0 1
1 1 0 1 0 1 1 1
1 0 1 1 1 1 1 0
0 1 1 1 0 0 1 1
1 0 1 1 0 1 1 1
1 1 1 0 1 0 1 1
1 0 1 1 0 1 1 1
1 1 1 1 0 0 1 1
0 1 1 1 0 0 1 1
1 1 0 1 1 0 0 1
0 1 0 1 0 0 1 1
0 1 0 1 0 0 0 1
0 1 1 1 0 1 1 1
1 1 1 1 1 1 1 1
1 1 0 1 0 1 1 1
0 1 0 1 0 1 0 1
0 1 0 1 0 0 0 1
0 1 0 1 0 0 1 1
0 1 1 1 0 1 1 1
0 1 1 0 0 0 0 1
0 1 1 1 0 1 0 1
0 1 0 1 1 1 1 1
1 0 1 1 0 1 1 1
0 1 1 1 0 1 0 1
0 1 1 1 0 1 1 1
0 1 1 0 0 0 0 0
1 0 0 1 0 1 1 1
1 1 0 1 0 1 1 1
0 1 0 1 1 0 1 0
1 1 1 1 0 1 1 1
0 1 1 1 1 0 1 1
0 1 1 1 0 0 1 1
1 1 0 1 0 1 0 1
1 0 1 1 0 1 1 1
0 1 1 1 0 0 1 1
0 1 0 1 0 1 1 1
0 1 0 1 0 0 0 1
0 1 0 0 0 0 0 1
1 1 0 1 0 0 1 1
0 0 1 1 1 0 1 0
1 1 0 1 0 1 1 1
1 1 1 1 0 1 1 1
0 1 1 1 1 0 1 1
1 0 1 1 1 0 1 0
0 0 1 0 0 0 0 1
1 1 0 0 1 1 1 1
1 0 0 1 0 1 0 0
0 1 1 0 0 0 1 1
1 1 1 1 1 0 0 1
1 1 1 1 1 1 0 1
1 0 1 1 0 1 0 1
1 1 1 1 0 1 1 1
1 1 1 1 0 1 1 1
0 1 1 1 0 0 0 1
1 1 1 0 0 1 1 1
0 1 0 1 0 0 1 1
0 1 1 1 0 0 1 1
0 0 0 1 1 0 1 0
1 1 1 1 0 1 0 1
1 1 0 0 1 0 0 1
1 0 1 1 1 1 1 0
0 1 0 1 0 1 0 1
0 1 1 1 0 0 0 1
1 1 1 1 0 0 1 1
1 1 1 1 0 0 1 1
1 1 0 1 0 0 0 1
1 1 1 1 0 1 1 1
0 1 1 1 1 0 1 1
0 1 1 1 1 0 1 1
0 0 0 0 1 0 1 0
1 1 1 0 0 0 1 1
1 1 1 1 0 1 0 1
0 1 0 1 0 0 1 1
1 1 1 0 1 0 1 1
1 1 0 1 0 0 0 1
0 1 1 1 0 0 1 1
0 1 1 1 0 0 1 1
1 0 0 1 0 1 1 1
1 1 1 0 0 0 0 1
0 1 0 0 0 0 0 1
1 0 0 1 1 1 0 0
0 0 1 1 1 0 1 1
1 1 1 1 0 0 1 1
0 1 1 1 0 0 1 1
0 1 0 1 0 1 0 1
0 0 1 1 1 0 1 0
1 1 1 1 0 1 0 1
1 1 1 1 0 0 0 1
1 0 0 1 0 0 1 0
0 0 0 1 1 0 1 0
1 1 1 0 0 1 1 1
0 1 1 1 0 1 0 1
0 1 1 1 0 0 1 1
0 1 1 0 0 0 0 1
0 1 1 1 1 0 1 1
0 1 1 1 0 1 0 1
0 0 0 1 1 0 1 0
1 0 0 1 0 1 1 0
1 1 0 1 0 1 0 1
1 1 1 0 0 1 1 1
1 1 1 0 1 0 1 1
0 1 0 1 1 0 0 0
1 1 1 1 0 1 1 1
1 1 1 1 0 0 1 1
0 0 1 1 1 1 1 0
1 1 1 0 0 1 0 1
1 0 0 1 1 0 1 1
1 1 1 0 0 0 1 1
0 1 1 1 0 0 1 1
1 0 1 1 0 1 0 1
0 0 0 0 0 0 1 0
0 1 1 1 0 0 1 1
0 1 0 1 0 1 1 1
0 1 1 0 0 0 1 1
1 0 0 1 1 1 1 0
0 1 1 1 0 0 1 1
0 1 0 1 1 0 1 1
1 1 1 1 0 0 0 1
0 1 0 1 1 1 0 1
0 0 1 1 1 0 1 0
0 1 1 1 0 0 0 1
1 1 1 1 0 1 1 1
0 1 0 1 0 1 0 1
1 1 0 1 0 1 0 1
1 0 0 1 0 1 1 1
0 1 1 1 0 1 1 1
1 0 1 0 1 0 1 1
0 1 1 0 0 0 1 1
1 0 1 1 1 0 1 0
0 1 1 1 1 0 1 1
1 0 0 1 1 1 1 1
0 1 0 1 0 1 0 1
0 1 1 1 0 0 1 1
0 0 0 1 1 0 1 0
1 1 1 1 0 1 0 1
0 1 1 1 1 0 0 1
0 0 1 1 0 0 1 1
1 1 0 0 1 0 0 1
0 0 0 1 0 1 1 1
0 1 1 1 1 0 1 1
0 1 1 0 0 0 1 1
0 1 0 1 1 0 0 1
1 1 1 1 0 1 1 1
0 1 1 1 0 0 0 1
1 0 0 1 1 1 0 0
0 0 0 1 1 1 1 0
0 1 0 1 0 1 1 1
0 0 0 1 1 0 1 0
0 1 1 1 0 1 0 1
0 1 0 1 1 0 0 0
1 1 1 1 0 1 1 1
1 1 1 1 0 1 1 1
0 1 1 1 0 0 1 1
0 1 0 0 1 0 1 1
0 1 1 1 0 0 1 1
1 0 0 1 1 1 1 0
1 1 1 1 0 1 1 1
1 1 1 1 0 0 0 1
1 0 1 1 0 0 1 0
0 1 0 0 0 0 1 1
1 1 0 1 0 1 1 1
1 0 0 1 1 1 0 0
0 0 0 0 1 0 1 0
1 1 0 1 0 1 0 1
1 1 0 1 0 0 1 1
0 1 1 1 0 0 1 1
0 1 0 1 0 0 0 1
0 0 0 0 1 0 1 0
1 0 0 1 0 1 0 0
1 1 1 1 0 1 1 1
1 0 0 1 1 1 1 0
1 1 1 1 0 0 1 1
1 1 1 0 1 1 1 1
0 0 1 1 0 1 1 1
0 0 1 1 0 1 1 1
1 0 0 1 0 1 0 1
1 1 1 1 0 1 1 1
1 0 0 1 0 0 1 1
0 0 0 1 0 0 0 1
0 1 1 0 0 0 1 1
0 1 1 1 1 0 1 1
1 0 0 1 1 1 1 0
0 1 1 1 0 1 0 1
0 1 1 0 0 0 1 1
0 0 0 1 0 0 1 0
1 0 0 1 1 1 1 0
0 1 1 1 0 0 1 1
1 1 1 1 0 1 1 1
0 1 0 1 0 0 1 1
1 1 0 1 0 1 1 1
1 1 1 1 0 1 1 1
0 1 1 0 0 0 1 1
1 1 0 1 1 1 0 1
0 0 0 1 1 1 0 0
0 1 1 1 0 0 1 1
0 1 1 1 0 1 1 1
0 1 1 1 0 0 0 1
1 1 1 1 0 0 1 1
1 1 0 1 1 1 0 1
0 0 1 1 1 1 1 1
0 1 0 0 0 0 1 1
0 0 0 1 0 0 1 0
1 0 0 1 0 1 1 1
0 1 1 1 1 0 1 1
0 1 1 1 1 1 1 1
1 1 1 1 1 1 1 1
0 1 1 1 1 1 1 1
1 1 1 0 1 0 0 1
1 0 1 1 1 1 1 1
0 1 0 1 0 1 1 1
0 1 1 0 0 0 1 1
1 0 1 1 1 1 1 0
0 0 0 1 1 0 1 0
0 1 0 0 0 0 1 1
1 1 1 1 0 1 0 1
0 1 1 1 0 0 1 1
1 1 1 1 1 1 1 1
0 0 0 0 1 0 1 0
0 0 0 1 1 0 1 0
0 1 1 1 1 1 1 1
1 1 0 1 0 1 1 1
0 1 0 1 0 0 0 1
1 1 1 0 1 1 1 1
0 1 1 1 0 0 1 1
0 0 1 1 0 1 1 1
0 0 0 1 1 1 1 1
0 1 0 1 1 0 1 1
0 1 1 1 1 0 1 1
1 1 0 1 0 1 1 1
1 1 0 0 0 0 1 1
1 1 1 1 0 1 1 1
0 0 1 1 1 0 1 1
1 1 1 1 0 0 0 1
0 1 1 0 1 0 1 1
1 1 0 1 0 0 1 1
1 1 0 0 1 0 1 1
1 1 1 1 0 1 1 1
0 1 1 0 0 0 1 1
0 0 0 1 1 0 0 0
1 0 0 0 1 0 1 0
1 1 1 1 0 1 1 1
0 0 1 1 1 0 1 0
1 1 1 1 0 1 0 1
1 1 0 1 0 0 1 1
1 1 1 1 1 1 1 1
1 1 1 1 0 1 1 1
1 1 1 1 1 1 1 1
1 1 0 0 0 0 1 1
0 0 1 1 0 1 1 1
1 1 1 1 0 1 1 1
1 1 0 1 1 1 1 1
1 1 1 1 0 1 1 1
0 1 1 0 0 0 0 0
0 1 1 1 0 0 0 1
1 0 0 1 1 1 1 1
0 1 1 1 0 0 1 1
1 1 0 0 0 1 1 1
0 1 1 1 0 1 1 1
0 1 1 1 0 0 1 1
0 0 1 1 0 0 0 1
1 0 1 1 1 1 1 1
1 1 0 1 0 0 0 1
1 1 1 1 0 1 0 1
0 1 0 1 1 0 1 1
1 1 0 1 0 1 1 1
0 0 1 1 1 0 1 0
0 1 0 1 1 0 1 0
1 1 0 1 0 0 0 1
0 1 1 0 0 0 1 1
0 0 0 1 0 1 1 1
0 1 1 1 0 0 1 1
1 1 0 1 0 1 1 1
0 1 1 1 1 0 1 1
0 0 0 1 0 1 0 0
1 0 0 1 0 1 1 1
0 0 1 1 0 1 1 1
1 0 0 1 1 0 1 0
0 1 1 0 0 0 1 1
0 1 1 0 0 0 1 1
0 1 1 1 1 1 1 1
1 1 0 1 0 1 1 1
1 1 0 1 0 0 1 1
0 1 1 1 1 0 1 1
1 1 1 1 0 1 1 1
0 1 1 1 0 0 1 1
1 1 0 1 0 1 0 1
0 1 0 1 0 0 1 1
1 1 1 1 0 0 1 1
0 1 1 1 0 1 1 1
0 1 1 1 0 1 0 1
1 1 1 1 0 1 1 1
0 1 1 1 0 0 0 1
0 1 1 1 0 1 1 1
1 1 0 1 1 0 1 1
0 1 1 0 0 0 1 1
0 0 0 1 0 0 1 1
1 1 1 1 1 0 1 0
0 1 0 0 0 0 1 1
0 0 1 1 0 1 0 1
1 1 1 1 1 1 1 1
0 1 1 1 0 0 1 1
0 1 1 1 0 1 1 1
1 1 1 0 1 0 1 1
0 1 1 1 0 0 1 1
0 1 1 1 0 1 1 1
1 1 1 1 0 1 1 1
1 0 1 1 0 1 1 1
0 1 1 1 0 1 1 1
1 1 1 1 1 1 1 1
0 1 0 1 0 0 0 1
1 1 0 1 1 1 0 1
1 1 1 1 0 1 1 1
1 0 0 1 1 0 0 0
1 1 0 1 0 0 0 1
1 1 1 1 0 1 1 1
1 0 0 1 1 0 1 0
0 1 1 1 0 0 1 1
1 1 0 0 1 0 1 1
0 1 1 1 0 1 1 1
1 0 1 1 0 1 1 1
1 1 1 1 0 1 0 1
0 1 1 1 0 1 1 1
1 1 1 1 0 1 1 1
1 1 1 1 0 1 0 1
1 1 1 1 0 1 0 1
1 1 0 1 0 1 0 1
0 1 0 1 1 1 1 1
0 1 0 1 0 0 0 1
0 1 0 0 1 0 1 1
0 0 1 1 0 0 1 1
1 1 1 1 0 1 1 1
0 0 0 1 1 1 1 0
1 1 1 0 0 0 1 1
0 1 0 0 0 0 1 1
1 1 1 1 0 0 0 1
1 1 1 1 0 1 0 1
0 1 1 1 1 0 1 1
1 1 1 1 0 0 1 1
1 1 1 0 0 0 1 1
1 0 0 1 1 1 1 0
1 1 0 1 0 1 1 1
0 1 1 0 0 0 0 1
1 1 1 1 0 1 1 1
0 1 1 1 0 0 1 1
1 1 1 1 0 1 1 1
0 0 0 1 0 1 1 0
1 0 1 1 1 1 0 1
1 0 1 1 0 1 0 1
1 0 0 0 1 0 0 0
0 1 0 1 0 1 0 1
0 1 0 1 0 0 1 1
0 1 1 1 1 0 1 1
0 1 0 1 0 1 1 1
1 1 0 1 0 0 0 1
0 1 1 0 0 0 0 1
0 1 1 1 0 0 0 1
1 1 1 1 1 1 1 1
0 1 0 1 1 0 1 1
1 0 1 1 0 1 1 1
1 1 1 0 0 0 1 1
1 1 1 1 0 1 0 1
0 1 1 1 0 1 0 1
1 1 0 0 1 0 1 1
1 1 1 1 0 0 1 1
0 0 0 1 1 1 1 0
0 1 1 0 0 0 1 1
0 1 0 0 0 0 0 1
0 0 1 1 0 0 1 1
0 1 1 1 0 0 1 1
0 0 0 1 0 0 0 0
1 1 0 1 0 0 1 1
1 1 0 1 0 0 1 1
0 1 0 1 0 0 1 1
0 1 0 1 0 1 1 1
1 1 1 1 0 0 1 1
0 1 0 1 0 1 0 1
1 1 0 1 0 1 0 1
0 1 1 1 0 0 1 1
0 0 0 1 1 1 1 0
0 0 0 1 1 0 1 0
1 1 1 1 0 0 0 1
1 0 0 0 1 0 0 0
0 1 1 1 0 1 1 1
0 1 0 1 0 1 1 1
1 1 0 1 0 0 0 1
0 1 1 0 0 0 1 1
0 1 0 0 0 0 0 1
0 0 1 1 1 0 1 1
1 1 1 1 0 0 0 1
0 1 1 1 1 0 1 1
1 1 1 1 1 0 0 1
1 1 1 1 0 0 1 1
1 0 1 1 0 1 0 1
0 1 1 1 0 0 0 1
0 1 0 1 0 0 0 1
1 1 1 1 0 1 0 1
1 0 1 1 0 1 1 1
1 1 0 1 0 0 0 1
1 1 0 1 1 1 1 1
0 1 0 1 0 0 1 1
0 1 1 1 0 0 1 1
1 1 1 0 0 0 1 1
0 0 0 1 1 1 0 0
0 1 1 1 1 1 1 1
1 1 0 1 0 1 0 1
0 0 0 1 1 1 0 0
1 1 1 1 0 1 1 1
0 1 1 1 0 0 1 0
0 1 1 1 0 1 1 1
0 1 1 0 0 0 1 1
1 1 0 1 0 1 1 1
0 1 1 1 1 0 1 1
0 1 1 1 0 1 0 1
0 1 1 0 1 0 1 1
0 1 0 1 1 1 1 1
0 1 0 0 0 0 0 0
1 1 1 1 1 0 1 1
0 0 1 1 1 1 1 1
1 0 1 1 1 1 1 1
1 1 1 1 0 0 1 1
1 0 1 0 0 0 1 1
0 1 0 1 0 0 0 1
1 1 0 1 0 1 1 1
1 1 1 0 1 0 1 1
0 1 1 1 1 0 1 1
0 1 1 1 0 1 1 1
0 1 1 1 0 0 0 1
1 0 1 1 0 1 1 1
0 1 1 1 0 1 1 1
1 0 0 1 0 1 1 0
1 0 1 1 0 1 1 1
1 0 1 0 0 1 1 1
1 1 1 1 0 0 1 1
1 1 1 1 0 1 0 1
1 1 1 1 0 1 1 1
1 1 1 1 0 1 1 1
1 1 1 1 0 0 1 1
1 0 0 1 1 1 1 0
0 1 0 1 0 0 0 1
0 1 0 1 0 0 1 1
0 1 1 1 0 0 1 1
1 1 1 1 0 1 1 1
1 0 0 1 0 1 1 1
0 1 1 0 0 0 0 1
1 1 1 1 0 1 1 1
1 0 1 0 0 1 1 1
1 1 1 1 0 0 1 1
1 1 1 1 0 1 1 1
0 1 1 1 0 1 1 1
1 0 0 0 1 0 1 0
1 0 0 1 1 1 1 0
0 1 1 1 0 0 1 1
1 1 1 1 1 1 1 1
1 1 1 0 1 0 0 1
1 1 0 1 0 1 1 1
1 1 1 0 0 1 1 1
0 1 1 1 0 0 1 1
1 0 0 1 1 1 0 0
1 1 1 1 1 1 0 1
0 0 1 1 0 1 1 1
1 0 0 1 1 1 1 0
1 0 0 0 1 1 0 0
0 1 0 1 1 1 1 1
0 0 1 1 0 0 1 1
1 1 1 1 1 0 1 1
0 1 1 1 1 1 1 1
0 1 0 1 0 1 0 1
0 1 0 0 1 0 1 1
0 1 1 1 0 1 1 1
1 0 0 0 1 1 1 0
0 1 1 0 1 0 1 1
1 1 1 1 0 1 1 1
1 1 1 1 1 0 1 1
1 0 0 1 1 0 1 1
0 1 1 1 0 0 1 1
0 1 1 0 1 0 0 1
1 0 1 1 0 1 0 1
1 0 1 1 1 1 1 1
1 0 0 1 1 1 0 0
0 0 1 1 1 1 1 1
1 0 1 1 0 1 1 1
0 1 1 1 0 0 0 1
1 0 0 1 1 1 1 0
1 0 1 1 0 0 1 0
0 0 0 1 0 1 1 1
0 1 1 0 0 0 1 1
1 1 1 1 1 0 1 1
0 1 1 1 0 0 0 1
0 1 1 0 0 0 1 1
0 0 1 1 0 0 0 1
0 1 1 0 0 0 1 1
1 0 0 1 0 1 0 1
0 1 1 1 0 1 1 1
1 1 1 1 1 1 1 1
1 0 0 1 1 1 1 0
0 1 0 0 0 0 1 1
1 1 1 1 1 0 1 1
1 1 1 0 0 1 0 1
1 1 1 0 0 0 1 1
1 0 0 1 0 1 1 1
0 0 0 1 0 1 1 1
0 1 1 1 0 0 1 1
0 1 1 1 0 0 1 1
0 1 1 0 0 0 0 1
1 0 0 1 0 1 0 1
0 1 1 1 0 0 1 1
0 0 0 1 1 1 1 0
0 0 0 1 1 0 0 0
1 0 0 0 1 0 1 0
1 1 0 1 0 0 0 1
1 1 1 1 0 1 0 1
0 0 0 1 0 1 0 0
1 1 1 1 0 0 0 1
0 0 0 1 1 0 1 0
0 1 0 1 0 0 0 1
0 1 1 1 0 1 1 1
1 1 1 0 1 1 1 1
1 0 0 1 0 1 0 0
0 1 1 1 0 0 1 1
1 1 1 1 0 0 1 1
0 1 1 0 0 0 1 1
0 1 1 1 0 1 0 1
0 0 0 1 0 0 1 0
1 1 1 1 1 1 1 1
0 1 1 1 1 1 1 1
1 1 1 1 1 0 0 1
0 1 1 1 0 0 1 1
0 0 0 1 1 0 0 0
0 1 0 1 0 0 0 1
0 1 1 0 0 0 1 1
1 1 1 1 0 0 0 1
1 1 1 1 0 0 0 1
0 1 1 1 0 0 0 1
1 1 1 0 0 0 1 1
1 1 1 1 0 1 1 1
0 1 1 1 0 0 1 1
1 0 1 1 0 1 1 1
0 1 1 0 0 0 1 1
0 1 1 1 0 1 1 1
1 1 1 1 0 0 0 1
1 0 1 1 1 1 1 1
0 1 0 0 0 0 1 1
1 1 0 1 0 1 1 1
1 1 1 1 0 0 0 1
0 1 1 1 0 0 1 1
0 1 0 1 0 0 0 1
1 1 1 1 0 1 1 1
0 1 1 1 0 0 1 1
1 0 1 1 0 1 0 1
1 0 1 1 0 1 1 0
0 1 1 1 0 1 1 1
0 0 0 1 1 1 1 1
1 1 1 1 1 0 0 1
1 0 0 1 1 1 1 0
0 1 1 1 0 1 1 1
1 1 1 0 1 0 1 1
1 1 1 1 0 1 1 1
1 1 1 0 0 0 0 1
1 0 1 1 1 1 1 0
1 1 1 1 0 1 0 1
0 1 0 1 0 0 0 1
0 1 1 1 0 0 1 1
0 1 1 0 1 1 1 1
0 1 0 1 1 0 1 1
1 0 1 1 0 0 1 1
1 1 1 1 0 1 1 1
0 1 1 1 0 0 1 1
1 1 1 1 1 0 1 1
1 1 1 1 0 1 1 1
1 1 0 1 0 1 0 1
1 0 0 1 0 0 1 1
1 1 1 1 0 1 1 1
1 1 1 1 0 0 1 1
1 1 1 0 0 0 1 1
0 0 1 0 1 0 1 0
1 1 1 0 0 0 0 1
0 1 1 0 0 0 1 1
1 1 0 0 0 0 0 1
1 1 1 0 0 1 1 1
1 1 1 1 1 0 1 1
1 1 0 1 0 1 1 1
1 1 1 1 1 1 1 1
0 0 0 0 0 0 1 0
1 0 0 1 0 1 1 0
0 0 1 1 0 0 1 1
1 0 0 1 0 1 0 0
1 1 1 1 0 1 0 1
1 1 0 1 0 0 1 1
1 1 1 0 0 0 1 1
0 0 1 1 0 0 1 1
0 1 1 1 1 0 0 1
1 0 0 1 1 1 0 0
0 1 1 1 0 1 1 1
0 0 1 1 0 1 1 0
1 1 1 0 0 0 0 1
1 1 1 1 0 1 0 1
1 0 0 1 1 1 1 0
0 1 1 0 0 0 0 1
1 0 1 1 0 1 0 1
1 0 0 1 1 1 0 0
0 1 0 1 0 0 0 1
0 1 1 1 1 1 1 1
1 1 0 1 0 0 0 1
1 0 1 1 0 1 0 1
0 0 0 1 1 1 1 0
1 0 0 1 0 1 0 1
0 1 0 1 1 0 1 0
0 0 1 1 0 0 1 0
1 1 1 1 0 1 1 1
1 1 0 1 0 0 1 1
1 1 0 0 1 0 1 1
0 1 1 0 0 0 1 1
0 1 1 1 0 0 1 1
1 1 1 1 1 0 1 1
0 0 0 1 1 1 0 0
0 1 1 0 0 0 1 1
1 1 0 1 0 1 0 1
0 0 0 1 0 1 1 0
0 1 1 1 0 0 0 1
0 0 1 1 0 1 1 1
0 1 1 1 0 0 1 1
0 1 1 0 0 0 0 1
0 0 1 1 0 1 1 1
0 1 1 0 0 0 1 1
0 1 0 1 1 0 1 1
1 0 1 0 0 0 0 1
0 0 1 0 0 0 1 1
1 1 0 1 0 0 1 1
0 1 1 1 0 0 1 1
1 0 0 1 1 1 1 0
0 1 0 1 0 0 1 1
0 1 0 1 0 0 1 1
0 1 1 1 0 1 1 1
1 0 0 1 0 1 1 1
1 1 1 0 0 0 0 1
0 1 0 1 0 0 0 1
0 1 1 1 1 0 1 1
1 1 0 1 0 0 0 1
1 0 1 1 1 1 1 0
1 1 1 1 0 0 1 0
1 1 1 0 0 1 1 1
0 0 1 1 1 0 1 0
1 0 1 1 1 1 1 0
1 1 0 1 1 1 1 1
1 1 1 0 0 0 1 1
1 1 0 1 1 1 1 1
1 1 0 1 0 1 0 1
0 1 0 1 0 0 0 0
1 1 0 1 0 1 0 1
1 0 0 1 1 1 0 0
0 0 0 1 0 1 0 1
1 1 1 1 0 1 1 1
0 1 1 1 0 0 0 1
1 1 1 1 0 0 0 1
1 1 0 1 1 1 1 1
1 1 0 0 1 1 1 1
1 1 1 1 0 1 1 1
0 1 1 1 0 0 1 1
0 1 1 1 0 1 1 1
1 1 0 1 1 0 1 1
1 0 0 1 0 1 0 1
1 1 0 1 1 1 1 1
0 1 1 1 0 0 1 1
0 1 1 1 0 0 1 1
0 1 1 1 0 1 1 1
0 0 0 0 1 1 1 0
1 1 1 1 0 1 1 1
0 1 1 1 0 0 1 1
0 0 0 1 0 1 1 1
1 1 1 1 0 0 0 1
0 0 0 1 1 0 0 0
0 1 1 1 0 1 1 1
1 1 1 0 0 0 1 1
1 1 1 1 0 0 1 1
0 1 1 1 0 0 0 1
0 0 0 1 1 0 1 0
0 1 1 1 0 0 1 1
1 0 1 1 0 1 1 1
1 1 1 1 0 1 1 1
1 1 1 1 0 0 0 1
1 1 1 1 1 1 1 1
1 1 1 1 0 1 1 1
1 1 0 0 0 0 1 1
1 1 1 1 0 0 1 0
1 0 1 1 1 1 0 0
1 1 0 0 0 0 0 1
1 1 0 1 0 1 1 1
0 1 0 1 0 1 1 1
1 1 1 1 1 0 1 1
0 1 1 1 1 1 1 1
1 1 1 1 0 1 1 1
1 1 1 1 1 0 1 1
1 1 1 1 0 0 1 1
0 0 0 1 0 0 1 0
1 0 0 1 1 0 1 1
1 1 1 1 0 1 1 1
0 0 1 1 0 0 1 1
1 1 1 0 0 0 1 1
1 1 1 1 0 0 0 1
1 1 0 1 0 1 0 1
1 1 0 1 1 0 1 1
1 1 0 1 0 0 0 1
0 1 1 0 0 0 1 1
0 1 1 1 1 0 1 1
0 1 1 1 1 0 1 1
0 1 0 1 1 1 1 1
1 1 1 1 0 1 1 1
0 1 0 1 1 0 1 1
0 0 0 0 0 0 1 1
1 1 0 0 0 0 1 1
0 1 1 1 0 1 1 1
1 1 1 1 0 1 1 1
0 1 1 1 0 0 0 1
0 0 1 1 1 1 0 1
1 0 1 0 1 0 1 0
1 0 0 1 0 1 1 0
0 1 1 1 0 1 1 1
0 1 0 1 0 1 1 1
1 1 0 1 0 0 1 1
1 0 1 0 0 0 1 1
0 1 0 1 1 0 0 0
1 1 0 1 1 1 0 1
1 1 1 1 0 0 1 1
1 0 0 0 0 1 1 0
0 1 1 1 1 1 1 1
0 0 0 1 1 0 1 0
1 1 1 1 1 0 1 1
0 0 0 1 1 0 1 0
1 1 0 1 0 0 1 1
0 1 1 1 0 0 0 1
0 1 0 1 0 0 1 1
0 0 0 1 1 0 0 0
0 1 0 1 0 1 1 1
0 0 0 1 0 1 0 0
1 0 1 1 0 1 1 1
1 1 1 1 0 1 1 1
0 1 1 1 0 0 1 1
1 1 1 0 1 0 1 1
0 1 0 1 0 0 0 1
1 1 1 0 0 0 1 1
0 1 1 1 0 0 1 1
0 0 0 1 0 0 0 1
1 1 1 1 0 0 1 1
1 0 1 1 0 1 0 1
0 1 1 1 1 1 1 1
0 1 0 1 0 1 0 1
1 1 1 1 0 1 1 1
0 1 1 1 0 1 1 1
1 1 1 1 0 1 1 1
1 1 1 1 0 0 1 1
1 1 1 1 0 0 0 1
1 1 1 0 0 0 1 1
1 1 1 0 1 1 0 1
0 1 0 1 1 1 0 1
0 1 1 0 0 0 1 1
1 0 0 1 1 1 1 1
0 1 0 1 0 0 1 1
0 0 1 1 0 0 1 1
1 0 0 0 1 0 1 0
0 1 1 1 1 1 1 1
1 1 0 1 0 1 0 1
0 1 1 1 0 0 0 1
0 1 1 1 0 0 1 1
1 1 1 0 0 0 1 1
1 1 0 0 0 1 0 1
1 1 0 1 0 1 0 1
0 0 1 1 1 0 1 0
0 0 1 1 0 1 1 1
0 0 1 0 1 0 1 1
0 1 0 1 0 1 1 1
0 1 1 1 0 0 0 1
1 1 1 1 0 0 1 1
0 1 0 0 0 0 0 1
0 1 1 1 0 1 1 1
0 1 1 1 0 1 1 1
1 1 1 1 0 0 1 1
0 1 1 1 1 0 0 1
0 1 1 1 1 0 1 1
0 1 0 1 0 0 0 0
1 0 0 0 1 0 0 0
1 1 1 1 1 0 0 1
1 1 0 1 0 0 1 1
0 0 0 1 1 0 0 0
1 1 1 0 0 0 1 1
0 0 1 1 0 1 1 1
0 1 1 1 0 1 1 1
0 0 1 1 0 1 0 1
1 1 1 1 0 1 1 1
1 1 0 1 0 1 1 1
1 0 1 1 1 1 1 1
0 1 0 0 0 0 0 1
0 0 1 1 0 0 1 1
0 1 1 0 0 1 0 1
1 1 0 1 0 1 0 1
0 0 1 1 0 0 1 1
1 1 0 1 0 0 1 1
1 0 0 1 1 1 0 0
0 1 1 1 0 0 1 1
0 1 0 1 0 1 0 1
0 1 1 0 0 0 0 1
0 0 1 1 0 0 1 1
1 1 0 1 1 0 1 1
1 1 0 1 0 1 0 1
0 0 0 0 0 0 1 1
1 1 1 1 1 0 1 1
0 1 1 0 0 0 1 1
0 1 0 1 0 0 1 1
1 1 0 1 1 1 1 1
0 0 0 1 0 0 0 0
0 1 1 0 0 0 1 1
1 0 1 1 0 1 1 1
1 1 0 0 0 1 0 1
1 1 1 0 0 0 1 1
0 1 0 1 0 0 1 1
1 1 1 0 0 0 0 1
0 0 0 1 0 0 0 1
0 1 1 1 0 1 1 1
1 1 1 1 0 1 1 1
1 1 1 1 0 0 1 1
1 1 0 1 0 1 0 1
0 1 1 0 0 0 1 1
0 1 0 1 0 0 0 1
0 1 1 0 0 0 1 1
0 1 0 1 0 0 0 1
1 1 1 1 0 1 1 1
1 0 1 1 1 0 1 0
0 1 0 1 0 0 1 1
0 1 1 1 0 0 0 1
0 1 1 0 1 0 1 1
1 1 1 1 1 0 1 1
1 1 0 0 0 0 1 1
0 1 0 1 0 0 1 1
1 1 0 0 0 0 0 0
1 0 1 0 0 0 0 1
1 0 1 1 0 0 1 1
1 0 1 1 0 0 1 1
0 1 1 1 0 0 1 1
1 1 1 1 0 1 1 1
0 1 1 1 1 0 1 0
1 0 0 1 0 1 0 0
1 1 0 1 0 1 1 1
0 1 1 1 1 0 1 1
0 1 1 1 0 0 0 1
0 1 0 1 0 1 1 1
0 0 1 1 1 0 1 1
0 1 1 1 0 0 0 1
1 1 1 1 0 0 1 1
1 1 1 1 0 1 1 1
1 0 1 1 1 1 1 0
1 1 0 1 1 0 1 1
0 0 0 1 0 1 1 0
1 0 1 1 0 1 1 1
1 1 1 1 1 0 1 1
0 1 0 1 0 1 1 1
0 0 0 1 1 0 1 0
1 1 1 1 1 1 1 1
0 1 1 1 0 1 1 1
1 1 1 1 0 0 0 1
1 0 0 1 1 0 0 0
0 1 0 1 0 0 1 1
0 0 0 1 0 1 1 1
1 1 1 1 0 0 1 1
1 1 1 1 0 0 0 1
1 1 1 1 0 0 1 1
1 1 1 0 0 0 1 1
0 1 1 1 1 1 1 1
1 1 1 1 0 1 1 1
0 1 1 1 1 1 1 1
0 1 0 0 0 0 0 1
1 1 1 1 1 1 0 1
1 1 1 1 0 1 1 1
1 0 0 1 1 1 1 0
0 1 0 0 1 0 1 1
1 1 0 1 0 1 0 1
0 0 0 1 0 0 0 1
0 0 0 1 0 0 1 1
0 0 1 0 1 0 1 1
1 1 0 1 0 1 0 1
0 1 0 1 1 0 0 1
1 0 0 0 1 1 1 0
1 0 1 1 0 0 1 1
0 1 1 0 0 0 0 1
1 1 1 1 0 1 0 1
1 1 1 0 0 0 0 1
1 1 0 0 0 0 0 1
1 1 1 1 0 0 1 1
0 1 1 1 1 0 1 1
1 1 0 1 0 0 1 1
0 0 1 1 1 0 1 0
1 0 0 1 1 1 1 0
1 0 1 1 0 1 1 1
0 1 0 0 0 0 0 1
0 1 1 1 0 1 1 1
0 1 1 0 0 0 1 1
0 1 1 1 0 0 1 1
1 0 1 1 1 1 0 0
0 1 1 1 0 0 1 1
1 0 1 1 0 1 1 1
1 0 0 1 1 1 1 1
1 0 1 1 1 1 1 1
0 1 1 1 0 0 1 1
0 0 1 1 1 1 0 0
1 1 1 1 0 1 0 1
0 1 0 0 0 0 1 1
0 1 0 0 0 0 0 1
0 1 0 1 0 0 1 1
1 1 1 1 1 0 1 1
1 1 0 1 0 1 1 1
1 1 1 1 0 1 0 1
0 0 0 1 0 1 0 1
0 0 0 0 1 0 1 0
0 1 0 0 0 0 0 1
0 0 0 0 1 0 0 0
0 1 1 1 0 1 1 1
1 1 0 0 0 0 1 1
1 1 0 1 0 1 1 1
0 1 1 1 0 1 0 1
0 1 0 0 1 0 1 1
1 1 0 1 0 1 0 1
1 1 1 1 0 0 1 1
0 1 1 1 1 0 1 1
0 0 0 1 1 0 1 0
0 1 0 1 0 0 0 1
0 1 1 1 1 1 1 1
1 1 0 1 1 1 1 1
1 0 1 0 0 1 1 1
0 1 1 1 0 0 1 1
0 0 0 1 0 0 1 0
0 1 1 1 0 0 1 1
1 1 1 1 0 1 1 1
1 1 1 1 1 1 0 1
0 1 1 1 0 0 1 1
0 0 0 1 1 1 0 0
0 0 1 1 1 0 1 0
1 1 0 1 1 1 1 1
0 0 0 1 1 0 0 0
0 1 0 0 0 0 1 1
0 1 1 1 0 0 1 1
1 1 1 1 0 0 1 1
1 0 0 1 1 0 0 0
0 0 1 1 0 0 0 1
0 1 0 1 0 0 1 1
1 1 0 0 0 0 0 1
1 1 1 1 1 0 1 1
0 0 1 1 0 0 0 1
1 0 1 0 1 0 1 0
0 1 0 1 0 0 1 1
1 0 0 0 1 1 1 0
1 1 1 1 0 1 1 1
1 1 1 0 0 0 1 1
1 0 1 1 0 1 0 1
1 1 1 1 0 1 1 1
0 1 1 0 0 0 0 1
1 1 1 0 0 0 1 1
0 1 1 0 0 0 1 1
0 1 1 0 0 0 0 1
1 1 1 1 0 1 1 1
1 1 1 0 0 0 0 1
0 1 0 1 0 1 1 1
0 1 1 1 0 0 1 1
0 1 1 1 0 0 1 1
0 1 0 1 0 0 1 1
0 0 1 1 1 1 1 1
0 1 1 1 0 0 0 1
1 1 1 1 0 1 0 1
1 1 1 1 0 1 0 1
0 0 1 1 0 1 0 1
1 0 0 0 1 1 1 0
0 1 0 0 0 0 1 1
1 0 1 1 1 1 1 0
1 0 1 1 1 1 1 1
0 1 1 1 0 0 0 1
1 1 0 0 1 0 1 0
1 0 1 1 0 1 0 1
1 1 0 1 0 1 0 1
0 1 0 1 1 0 1 1
1 1 1 1 0 0 1 1
1 0 0 1 0 0 1 1
1 0 1 1 0 1 1 1
0 0 0 1 1 1 0 1
0 1 1 0 0 1 1 1
0 0 0 1 0 0 0 1
1 0 1 1 1 1 1 1
1 1 1 1 1 1 1 1
1 1 1 1 0 0 1 1
1 0 0 1 1 0 0 1
1 1 1 1 0 0 0 1
1 1 1 1 1 1 1 0
1 1 1 1 1 1 1 1
1 1 1 1 0 1 1 1
1 1 1 1 1 1 1 1
0 1 0 1 1 0 0 1
0 0 0 1 1 1 0 0
0 1 1 1 1 0 1 1
0 0 0 0 0 1 0 1
1 0 1 1 1 0 1 0
1 0 0 1 1 1 1 0
0 1 1 1 0 0 0 1
1 1 0 1 0 0 0 1
1 1 0 1 0 1 0 1
0 1 1 1 0 1 1 1
1 0 1 1 0 1 1 1
0 1 1 1 0 0 1 1
1 1 0 1 1 1 1 1
0 1 1 1 0 0 1 1
0 1 0 1 1 0 1 0
0 1 1 0 1 0 1 1
1 0 0 1 0 1 1 1
0 1 1 1 0 0 1 1
1 1 1 1 1 0 1 0
1 0 1 0 0 0 0 1
1 0 1 1 0 1 1 1
0 1 0 1 0 1 1 1
1 0 0 1 1 1 1 0
1 1 1 1 0 1 0 1
0 1 1 1 0 0 1 1
1 0 1 1 0 1 0 1
1 1 1 0 0 1 1 1
1 0 1 1 1 0 1 1
0 0 0 1 0 0 1 0
0 1 1 1 0 0 1 1
0 0 1 0 0 0 1 1
0 0 0 1 1 0 1 0
1 1 1 1 0 1 1 1
1 1 1 1 0 1 1 1
0 0 1 1 0 1 1 1
0 1 1 0 1 0 0 1
0 1 1 1 0 1 1 1
1 1 0 1 1 0 1 0
0 0 0 1 1 1 1 0
0 0 0 0 0 0 0 1
1 0 0 1 1 1 1 0
1 0 0 0 1 1 1 0
0 0 0 1 0 0 0 0
0 0 1 1 0 1 1 1
1 0 1 1 0 1 1 1
0 0 0 1 0 0 1 0
0 1 0 1 0 0 1 1
1 0 0 1 1 1 1 0
0 1 0 1 0 0 1 1
0 1 1 1 0 1 1 1
0 1 1 1 0 0 1 1
0 1 1 1 0 0 1 1
0 0 1 1 0 1 0 1
1 1 1 1 0 0 1 1
0 1 1 1 0 0 1 1
1 1 0 0 0 0 1 1
1 1 1 1 1 1 1 1
1 1 1 0 0 1 0 1
1 1 1 1 0 1 1 1
0 1 1 0 0 0 1 1
0 1 0 1 0 0 1 1
1 1 0 0 0 0 1 1
1 0 1 1 1 1 1 0
0 1 1 1 0 1 1 1
1 1 1 0 0 0 1 1
1 1 1 1 0 1 1 1
1 1 0 1 0 0 1 1
1 1 0 0 0 0 1 1
1 0 1 1 0 1 1 1
1 1 1 1 1 1 1 1
0 0 0 0 1 0 1 0
1 1 1 1 0 1 1 1
1 1 0 1 0 1 0 1
0 1 1 1 1 0 1 1
1 1 1 1 0 1 0 1
1 0 1 0 1 0 1 1
1 1 1 0 0 0 1 1
1 1 1 1 0 1 0 1
0 1 0 1 1 0 1 0
0 1 1 1 0 0 1 1
0 1 0 1 0 1 1 1
0 1 0 1 0 1 1 1
0 1 0 1 0 0 0 1
0 1 1 1 1 0 1 1
0 1 1 1 0 1 1 1
0 1 1 1 0 0 1 1
1 1 0 0 1 0 1 1
0 0 0 1 0 1 1 0
0 1 0 1 0 1 0 1
0 1 0 1 0 0 1 1
1 1 0 1 0 1 0 1
0 1 1 1 0 0 1 1
1 1 0 0 0 0 0 1
0 1 1 0 0 0 1 1
1 0 1 1 0 0 1 1
1 1 0 1 0 0 1 1
0 1 0 1 0 0 0 1
0 1 0 1 1 0 1 1
0 0 0 1 0 1 0 1
1 1 1 1 0 1 1 1
0 0 1 1 0 1 1 1
0 1 1 1 0 1 0 1
0 1 1 1 0 0 1 1
0 0 1 1 0 0 0 1
1 1 1 1 0 0 1 1
1 1 1 1 1 1 1 1
1 1 1 0 0 0 1 1
1 1 1 0 0 0 1 1
0 0 1 1 0 1 1 1
0 0 1 1 0 0 1 0
1 0 1 1 1 1 1 0
1 1 1 1 1 0 1 1
1 1 0 1 0 1 1 1
1 1 1 0 0 0 1 1
1 0 0 1 1 1 0 0
1 1 0 0 0 0 1 1
0 0 1 1 0 1 1 1
1 0 0 1 1 1 1 0
0 1 1 1 0 1 1 1
0 1 0 1 0 0 1 1
0 1 0 1 0 0 0 1
1 1 1 0 0 0 1 1
1 1 1 1 1 0 1 1
1 1 0 1 0 1 1 1
0 0 1 1 1 1 1 0
1 1 1 1 0 0 0 1
1 1 1 1 1 1 1 1
1 1 0 1 1 0 1 1
1 1 1 1 0 0 0 1
1 1 0 1 0 0 0 1
0 1 1 1 0 1 0 1
1 0 1 1 0 1 1 1
0 1 1 0 0 0 0 1
1 1 0 1 0 1 1 1
0 0 1 1 1 1 1 1
0 0 0 1 0 0 1 0
1 1 1 1 0 1 1 1
0 1 1 1 0 0 1 1
1 1 1 1 0 0 0 1
1 1 1 1 1 1 0 1
1 1 0 1 1 0 1 1
0 1 0 0 1 0 1 1
1 0 0 1 1 0 1 0
0 1 1 1 0 1 1 1
1 1 1 1 0 1 1 1
1 1 1 1 1 1 1 1
1 1 1 1 1 1 1 1
1 0 1 1 0 1 0 1
1 1 1 1 1 1 1 1
1 1 1 1 0 1 1 1
0 1 1 1 0 1 1 1
0 1 0 1 0 0 1 1
0 1 0 0 0 0 0 1
0 1 0 1 0 0 0 1
1 0 1 1 1 1 1 0
1 1 0 1 0 0 1 1
0 1 1 1 0 0 1 1
1 1 0 0 0 0 1 1
1 0 0 0 1 0 1 0
1 0 0 1 1 1 0 0
1 1 1 1 1 1 1 1
0 1 1 1 1 1 1 1
0 1 1 1 0 0 1 1
0 1 1 0 0 0 1 1
1 0 1 1 0 1 1 1
0 1 0 1 0 1 1 1
1 1 1 0 1 0 1 1
1 1 1 1 0 0 1 1
1 1 1 0 0 0 0 1
0 0 0 1 0 0 1 0
1 1 0 1 0 1 1 1
1 0 0 1 1 1 1 0
0 1 0 1 0 0 1 1
0 1 0 1 1 0 0 0
0 1 1 0 1 0 1 1
0 1 0 1 0 0 0 1
1 1 1 1 1 0 1 1
1 1 1 0 0 1 1 1
0 0 0 1 1 0 1 0
0 1 1 1 0 1 1 1
0 1 0 0 1 0 0 1
0 1 1 1 1 1 1 1
1 1 0 1 0 1 1 1
0 0 1 1 1 1 1 1
0 1 1 1 0 0 1 1
0 1 0 1 0 1 1 1
0 1 1 1 1 0 1 1
1 1 1 0 0 0 1 1
1 0 1 1 0 1 1 0
1 1 1 1 0 0 1 1
0 0 1 1 1 0 1 1
0 0 0 1 1 1 1 0
0 1 0 0 0 0 0 1
0 1 0 0 0 0 0 1
1 1 1 1 0 1 1 1
1 1 1 1 0 0 1 1
1 1 1 1 0 1 1 1
0 1 1 1 1 0 0 1
0 1 0 1 0 0 1 1
1 0 1 1 0 1 1 1
1 0 1 1 1 1 0 0
1 0 0 0 0 0 1 0
0 0 0 0 0 0 1 1
0 1 1 1 1 1 1 1
0 1 1 1 0 0 0 1
1 1 1 1 0 1 0 1
1 0 0 1 0 0 1 1
1 0 1 1 0 1 0 1
0 1 0 1 0 0 1 1
0 1 0 1 0 1 1 1
0 1 1 0 0 0 0 1
0 1 0 1 0 0 1 1
1 1 0 1 0 1 0 1
0 1 0 0 0 0 0 1
0 0 1 0 0 1 1 0
1 1 1 0 0 0 1 1
0 1 1 1 0 0 1 1
1 1 1 1 0 1 1 1
0 0 1 1 0 1 1 1
1 1 1 0 0 0 1 1
0 1 0 1 0 0 1 1
0 0 0 0 0 0 0 1
0 1 1 1 0 0 1 1
1 0 0 1 1 1 1 0
0 1 0 1 0 0 1 1
1 1 1 1 0 0 1 1
1 0 1 1 0 1 1 1
0 1 1 0 1 0 1 1
0 1 1 1 1 0 0 1
1 1 1 1 0 1 0 1
0 1 1 1 1 0 1 1
0 1 1 1 0 1 1 1
1 1 1 1 0 0 1 1
1 1 1 1 0 1 1 1
1 0 0 1 0 1 1 1
0 0 0 1 0 1 0 1
1 0 1 0 0 1 1 0
0 1 1 0 0 0 0 1
1 0 1 1 1 0 1 0
1 1 0 1 0 0 0 1
0 1 1 1 0 1 1 1
0 1 1 0 0 0 1 1
0 1 1 1 1 0 1 1
0 0 1 1 0 1 1 1
0 1 1 1 0 1 0 1
0 1 1 0 0 0 1 1
0 1 1 1 0 0 1 1
0 1 1 1 0 0 1 1
1 1 1 0 0 0 1 1
1 1 1 1 1 0 1 1
1 1 1 1 0 1 1 1
0 1 0 1 1 0 1 1
1 1 0 1 0 1 0 1
0 1 0 0 1 0 0 1
0 1 0 1 0 0 0 1
1 1 0 0 0 0 1 1
1 1 1 1 0 0 0 1
1 1 1 1 0 1 1 1
0 0 1 0 1 0 1 1
0 1 1 1 0 0 1 1
1 0 0 1 1 1 1 0
0 0 1 1 0 1 1 0
0 1 0 0 0 0 0 0
1 1 1 1 0 1 1 1
0 1 1 1 0 1 1 1
1 0 0 1 0 1 1 1
0 1 0 1 0 0 0 1
0 1 1 1 0 0 1 1
1 1 0 1 0 1 1 1
0 1 0 0 1 1 1 1
0 1 1 0 0 0 1 1
0 1 1 1 0 1 1 1
0 1 1 0 0 0 0 1
1 1 0 1 0 1 1 1
1 0 1 1 0 1 1 0
1 1 1 1 0 1 1 1
1 1 0 1 0 1 1 1
0 1 1 1 0 0 1 1
0 1 1 1 0 0 1 1
0 0 0 0 0 0 1 0
0 1 1 0 0 0 0 1
1 1 0 1 0 0 1 1
1 1 1 1 0 1 1 1
0 1 1 1 0 0 1 1
1 0 1 1 1 1 1 1
1 1 1 1 0 1 1 1
0 0 1 1 0 1 0 1
0 1 0 1 0 1 1 1
0 1 1 1 1 1 1 1
0 1 1 1 0 1 0 1
0 0 0 1 1 1 1 0
0 1 1 1 0 0 0 1
0 1 0 1 0 0 1 1
0 1 1 1 1 1 1 1
1 1 0 1 0 0 0 1
0 0 1 0 1 1 1 1
1 1 1 1 1 1 1 1
1 0 0 1 1 0 0 1
1 1 1 1 0 1 1 1
0 1 1 1 0 0 1 1
0 1 0 1 0 0 0 1
1 0 1 1 0 1 1 1
1 1 0 1 0 1 1 1
0 1 1 1 0 0 1 1
1 1 0 1 0 1 1 1
0 1 0 1 0 0 1 1
1 1 1 1 1 1 1 1
1 0 1 1 1 1 1 1
1 1 0 1 1 1 1 1
1 0 1 1 0 1 1 1
1 1 1 1 0 0 0 1
1 1 1 1 1 1 1 1
0 0 1 1 1 1 1 1
1 1 1 1 1 1 1 1
0 0 0 1 1 1 1 1
0 1 0 0 0 0 1 1
1 1 0 1 0 1 1 1
1 1 1 1 0 1 1 1
0 0 1 1 1 0 1 0
0 1 1 1 1 0 1 1
1 0 0 1 1 0 1 0
0 1 1 1 0 0 1 1
1 0 0 1 1 1 1 0
1 1 1 0 0 0 1 1
0 0 0 1 0 0 0 0
0 1 0 1 0 0 0 1
0 1 0 1 0 1 1 1
1 0 0 1 1 1 1 0
0 1 0 1 0 0 0 1
1 1 1 1 0 0 1 1
1 1 1 1 0 1 0 1
1 1 1 0 0 0 0 1
1 1 0 1 0 0 1 1
1 0 0 1 0 1 0 1
0 0 0 1 1 1 1 0
1 1 1 1 0 1 1 1
1 1 1 1 1 1 1 1
1 1 0 1 0 1 0 1
1 0 0 1 1 1 0 0
0 1 1 1 0 0 1 1
0 1 1 1 0 0 1 1
1 1 1 1 0 0 1 1
1 1 1 1 0 1 0 1
0 0 0 1 0 0 1 0
0 0 1 1 0 0 0 1
0 1 1 1 0 1 1 1
0 1 1 1 0 0 1 1
0 1 1 1 0 0 1 1
1 1 1 1 0 1 1 1
1 1 1 1 0 0 1 1
0 1 1 1 0 1 1 1
1 1 1 0 0 0 1 1
1 1 1 1 0 1 0 1
0 0 1 1 1 1 1 0
0 0 0 1 1 0 0 1
0 1 1 1 0 0 1 1
1 1 1 0 1 0 0 1
1 1 1 1 0 1 1 1
0 1 1 1 0 1 1 1
1 1 0 0 1 0 0 1
0 1 0 1 0 1 1 1
1 1 1 1 0 1 0 1
1 1 1 1 0 1 1 1
1 1 0 1 1 0 1 0
1 1 1 1 1 1 1 1
0 1 1 1 0 0 1 1
0 1 1 0 0 0 0 1
0 1 0 1 0 1 0 1
1 1 1 1 0 1 1 1
1 1 1 1 0 0 1 1
1 1 0 1 0 0 0 1
0 1 1 0 0 0 1 1
0 1 0 1 0 1 0 1
1 0 0 1 1 1 1 0
0 0 1 1 1 0 0 0
0 1 1 1 0 0 0 1
0 0 1 1 1 1 1 1
1 1 0 1 0 0 0 1
1 1 1 1 1 1 1 1
1 1 0 1 0 0 1 1
1 0 0 0 0 0 1 1
0 1 1 1 0 0 0 1
1 1 1 1 0 0 1 1
1 1 1 1 0 1 1 1
1 1 0 1 0 1 1 1
1 0 0 1 1 1 0 0
1 0 1 0 1 0 1 0
1 0 0 1 0 1 1 1
1 1 1 0 0 1 1 1
1 1 0 1 0 1 1 1
1 0 0 1 0 1 1 1
1 1 1 1 0 0 1 1
1 1 0 1 0 0 1 1
1 1 1 1 1 0 1 1
1 0 1 0 1 0 1 1
1 1 1 1 0 0 1 1
0 1 1 1 0 0 1 1
0 1 0 1 1 0 0 1
1 1 1 0 0 0 1 1
0 0 1 1 0 0 1 1
0 0 1 1 0 1 1 0
0 1 1 1 0 0 0 1
0 0 0 1 0 1 1 1
0 1 0 1 0 0 1 1
0 1 1 1 0 0 1 1
1 1 1 0 0 0 1 1
0 0 0 1 1 1 1 0
0 0 1 1 1 1 1 0
0 1 1 1 1 0 1 1
1 0 1 1 0 1 1 1
1 1 1 1 1 1 0 1
1 1 1 0 0 0 0 1
1 0 1 0 0 1 0 1
0 0 1 1 1 1 1 0
0 1 0 1 0 1 1 1
1 1 1 1 0 0 1 1
1 1 0 1 0 0 0 1
1 1 0 1 0 0 0 1
1 1 0 1 1 0 1 1
0 0 0 1 0 1 1 0
0 1 1 1 1 1 1 1
0 1 1 1 0 1 1 1
0 0 1 1 1 0 1 1
1 1 1 1 1 0 1 1
0 1 1 0 1 0 1 1
0 1 0 1 0 1 1 1
0 1 1 1 0 0 1 1
1 0 1 1 0 1 0 1
0 0 0 0 1 0 1 0
0 1 1 1 0 0 0 1
1 0 0 1 0 1 0 0
0 1 1 1 0 1 1 1
1 1 0 1 1 0 0 1
0 0 0 1 0 0 1 0
0 1 1 0 0 0 0 1
0 1 0 1 0 0 1 1
0 1 1 1 0 0 0 1
0 1 1 1 0 1 1 1
0 0 0 0 1 0 0 0
0 1 0 1 0 0 0 1
1 0 1 0 1 0 0 1
1 0 1 1 0 1 1 1
0 0 1 1 0 1 1 0
1 1 1 0 0 0 1 0
1 1 1 1 0 1 1 1
1 0 1 1 0 1 1 0
1 1 1 1 0 1 1 1
0 1 0 1 0 0 1 1
1 1 1 0 1 0 1 1
0 1 1 1 1 1 1 1
0 1 0 1 0 0 0 1
0 1 1 0 0 0 1 1
1 1 1 0 0 0 1 1
1 1 1 1 0 1 0 1
0 1 0 1 0 1 1 1
0 1 1 1 0 1 1 1
1 0 0 1 1 1 0 0
1 1 1 1 0 1 1 1
1 1 0 1 0 0 1 1
0 1 1 1 1 0 0 1
1 1 0 1 0 1 1 1
0 1 1 1 0 0 1 1
1 0 0 1 1 0 1 0
1 1 1 1 1 0 1 1
1 1 1 1 0 0 0 1
0 1 1 1 1 1 1 1
1 1 1 0 0 0 1 1
1 1 1 1 0 0 0 0
0 1 1 1 0 1 0 1
1 0 1 0 1 0 1 0
1 1 0 0 1 1 1 1
1 1 0 1 0 1 1 1
1 0 1 1 0 1 1 1
0 0 1 1 0 0 1 0
1 1 0 1 1 1 0 1
0 1 1 1 0 1 1 1
1 1 0 1 0 1 1 1
1 1 1 1 0 1 1 1
1 0 0 1 1 0 0 0
0 1 1 1 0 0 1 1
0 1 0 1 1 1 0 1
1 1 1 1 0 0 1 1
1 1 1 1 0 0 1 1
1 1 0 1 0 1 0 1
0 1 0 1 0 0 1 0
0 1 0 1 0 0 1 1
1 1 1 1 0 1 1 1
0 1 1 0 0 0 1 1
0 0 1 0 0 0 1 1
1 1 0 0 1 0 1 1
1 1 0 1 0 0 1 1
0 1 0 1 0 0 1 1
1 1 1 1 0 0 1 1
0 0 0 1 0 1 1 1
0 0 1 1 1 0 1 0
1 1 1 1 0 1 0 1
0 0 1 1 0 0 0 1
1 0 1 1 0 1 0 1
1 1 1 1 0 1 1 1
0 1 1 1 0 0 1 1
0 1 1 1 1 0 1 1
0 1 0 1 0 1 1 1
1 1 1 1 0 1 1 1
1 0 1 1 0 1 1 1
0 1 1 1 0 0 1 1
0 0 0 1 0 1 0 1
0 1 1 1 1 1 1 1
0 1 1 0 0 0 1 1
1 0 1 1 1 0 1 1
0 1 0 1 1 1 0 1
1 1 1 1 0 1 1 1
1 1 0 0 0 0 1 1
1 0 1 1 1 1 1 1
1 0 0 1 0 1 1 1
1 1 0 1 0 1 1 1
1 1 1 1 0 0 1 1
1 1 1 1 0 1 1 1
0 0 1 1 0 1 1 1
0 0 0 1 0 0 0 1
0 1 0 1 0 1 1 1
0 0 1 1 1 1 1 0
0 0 1 1 1 0 1 1
1 1 1 1 0 1 1 1
0 1 0 1 1 0 1 1
1 1 0 1 1 0 1 1
1 1 1 1 0 0 1 1
1 1 0 1 0 0 1 1
1 1 1 1 0 0 0 1
0 0 1 1 1 0 1 1
1 1 1 1 1 0 1 1
1 1 1 1 0 0 0 1
0 1 1 1 1 0 1 1
0 1 1 1 1 1 1 1
0 0 1 1 0 0 1 1
1 1 0 1 0 0 1 1
1 1 1 0 0 0 0 1
0 1 0 0 0 0 0 1
0 1 0 1 1 0 1 1
0 0 1 0 0 0 1 1
0 1 1 1 0 0 1 1
1 1 1 1 0 0 0 1
1 0 0 1 0 1 1 1
0 1 1 1 0 0 1 1
1 0 1 1 1 1 1 0
1 1 1 1 0 1 0 1
0 0 0 1 0 0 0 0
1 1 1 1 1 1 1 1
0 1 1 1 0 0 1 1
0 1 1 1 0 1 1 1
0 1 1 1 0 1 1 1
0 1 0 1 0 0 0 1
1 0 0 1 0 1 0 1
0 1 0 1 0 1 0 1
1 1 1 1 0 1 1 1
1 1 1 1 0 1 1 1
0 1 1 1 1 0 1 1
0 1 1 1 1 1 1 1
0 1 1 1 0 0 1 1
0 1 0 1 0 0 1 1
1 1 0 1 0 0 1 1
1 1 0 1 0 0 1 1
1 1 1 1 1 1 1 1
0 0 0 0 1 0 0 0
0 0 1 1 0 1 1 1
1 1 1 1 0 1 0 1
1 1 1 0 0 0 0 1
0 1 0 0 0 0 0 1
0 0 1 0 0 0 1 1
0 0 1 1 0 0 1 1
1 0 0 1 0 1 1 0
1 1 0 1 1 1 1 1
0 1 1 1 0 0 1 1
0 1 0 1 0 1 1 1
0 1 1 1 0 1 1 1
0 0 1 1 0 1 0 0
0 0 1 1 1 1 1 1
0 0 1 1 1 1 1 1
0 0 1 1 0 1 1 1
0 0 0 1 0 1 0 1
0 1 0 1 0 0 0 0
1 1 0 1 1 1 1 1
1 1 0 1 1 0 1 1
0 1 1 1 1 1 1 1
1 1 1 0 0 1 1 1
0 1 1 1 0 0 1 1
0 0 1 1 1 1 1 0
1 1 1 1 0 1 1 1
0 0 1 0 0 0 1 1
1 1 0 0 0 0 0 1
1 0 1 1 1 1 1 0
0 1 1 1 0 0 0 1
0 1 1 1 0 0 1 1
1 1 0 1 0 1 0 1
1 1 1 1 0 0 1 1
1 1 0 1 0 1 0 1
0 1 0 1 1 0 1 1
0 1 1 0 0 0 1 1
0 1 1 1 0 0 1 1
1 1 0 1 0 0 0 1
0 1 1 0 0 0 1 1
0 1 0 1 1 0 1 0
0 1 0 1 0 0 1 1
0 1 1 1 1 0 1 1
0 1 1 0 0 0 1 1
1 0 1 1 0 1 1 1
1 0 0 0 0 0 0 0
1 0 0 1 1 0 0 0
0 1 0 0 0 0 0 1
0 1 1 1 0 1 0 1
0 0 1 1 0 1 1 1
0 0 0 0 1 0 0 0
1 0 1 1 1 1 1 0
1 1 1 1 0 0 0 1
1 1 0 1 1 0 1 1
0 1 1 1 0 0 1 1
1 1 1 1 0 0 1 1
0 0 0 1 1 1 1 0
1 1 0 1 0 1 0 1
1 0 1 0 0 0 1 1
1 0 1 1 0 1 0 1
0 1 1 1 1 0 1 1
1 0 0 1 0 0 1 0
1 0 0 1 1 1 1 0
1 1 1 1 0 1 0 1
1 0 0 1 1 1 1 0
0 1 1 0 1 0 0 1
0 1 1 0 1 0 1 1
0 1 1 1 0 0 0 1
0 0 1 1 0 1 1 1
1 1 1 1 1 0 1 0
1 1 1 0 0 0 1 1
1 1 1 1 1 1 1 1
1 1 0 0 0 0 1 1
0 1 1 1 0 0 1 1
1 0 1 1 0 1 1 1
0 0 0 1 0 0 1 1
1 1 1 0 0 1 0 1
1 0 0 1 1 0 0 1
0 1 1 1 0 1 1 1
1 0 0 1 1 0 1 0
1 1 1 0 0 0 0 1
0 1 1 1 0 0 1 1
1 0 1 1 1 1 1 1
1 1 1 1 0 1 1 1
0 1 1 1 0 1 1 1
0 0 1 1 0 0 0 1
0 1 1 1 0 0 1 1
0 1 1 1 0 1 1 1
1 1 1 1 0 1 1 1
0 0 0 1 0 0 1 1
1 1 0 1 0 1 0 1
1 0 1 1 1 0 1 0
1 1 1 1 1 1 0 1
1 0 1 1 0 1 1 1
0 0 0 1 1 1 1 0
1 1 0 1 1 1 1 1
1 1 0 0 1 0 0 1
1 1 1 0 0 0 1 1
1 0 1 1 0 0 1 1
1 1 0 1 0 0 0 1
0 0 1 1 0 1 1 1
0 1 1 1 0 1 0 1
1 1 1 1 1 0 1 1
1 1 1 1 0 1 1 1
0 1 1 1 0 0 1 1
1 1 0 1 0 1 1 1
0 1 1 1 0 1 1 1
1 1 1 1 0 0 1 0
1 1 1 0 0 0 1 1
0 1 0 1 0 0 1 1
1 1 0 1 0 0 0 1
1 0 0 1 1 1 1 1
0 1 1 1 0 0 1 1
0 1 1 1 0 1 1 1
0 1 1 1 0 0 1 1
1 1 1 1 0 1 0 1
1 0 0 1 0 1 1 0
1 1 0 1 0 1 0 1
1 1 1 1 0 1 0 1
0 1 1 1 0 1 0 1
1 1 0 0 0 0 1 1
0 1 1 1 1 1 1 1
0 0 0 1 1 0 0 0
0 0 0 1 0 0 0 1
0 1 1 1 1 1 1 1
1 1 1 1 0 1 1 1
1 0 1 1 0 1 1 1
0 1 1 1 0 1 1 1
1 1 0 0 0 1 0 1
0 1 1 1 1 1 1 1
1 1 1 0 0 0 1 1
1 1 1 1 0 1 1 1
1 0 1 0 1 0 1 0
1 1 0 1 0 1 0 1
0 1 1 1 0 1 1 1
1 1 1 0 1 0 1 1
1 0 0 1 0 1 1 0
0 1 0 1 0 0 0 1
0 1 0 1 1 1 1 1
1 1 1 1 0 1 1 1
0 1 0 1 0 0 1 1
1 1 1 1 1 1 1 1
0 1 0 1 0 0 0 0
1 1 1 1 0 0 0 1
1 1 1 1 1 0 1 0
0 1 1 0 0 0 1 1
0 1 1 0 0 0 0 1
0 1 1 1 1 1 1 1
0 1 1 1 0 0 1 1
0 1 1 1 0 0 0 1
0 0 1 1 0 1 1 1
1 1 1 1 0 1 1 1
1 0 0 1 1 0 0 0
1 0 1 1 0 1 1 1
1 1 0 1 1 1 1 1
1 1 1 1 0 0 1 1
1 1 1 0 0 1 0 1
1 0 1 1 0 1 1 1
0 1 0 1 0 1 0 1
1 1 1 0 0 0 1 1
0 1 1 1 0 0 1 1
1 1 1 1 0 1 1 1
1 1 1 1 0 0 1 1
0 1 0 1 1 0 1 1
1 1 1 1 0 1 1 1
0 1 0 1 0 1 1 1
0 1 0 0 0 1 1 1
0 0 0 1 1 1 0 0
1 1 1 0 1 0 1 0
0 0 0 1 0 0 1 1
0 1 1 1 0 0 1 1
0 0 0 0 1 0 1 0
1 0 1 1 1 1 1 0
1 1 1 1 0 1 0 1
0 1 1 1 0 0 1 1
1 0 1 0 0 0 1 1
0 1 1 1 0 0 1 1
0 1 1 1 0 0 1 1
1 1 0 1 0 1 0 1
1 1 1 1 1 1 0 1
1 1 1 0 1 0 1 1
0 1 0 0 1 0 0 0
1 1 1 1 0 0 1 1
1 1 1 1 0 0 1 1
1 1 1 1 0 0 1 1
0 1 0 1 0 0 0 1
1 1 1 0 0 0 1 1
1 1 0 1 1 1 0 1
1 1 1 0 0 1 0 1
0 1 1 1 1 0 1 1
1 1 1 1 0 1 1 1
0 0 0 1 0 1 1 0
1 0 0 1 1 0 0 0
1 1 1 1 0 1 1 1
1 0 0 1 1 1 1 0
0 1 1 1 0 1 0 1
0 1 1 0 0 0 1 1
1 1 0 1 1 0 1 1
0 1 1 1 0 1 1 1
0 1 0 0 0 0 1 1
1 1 1 1 0 1 0 1
0 0 0 1 0 0 0 0
1 0 1 1 0 1 0 1
1 1 1 0 0 0 1 1
1 0 0 1 0 1 1 1
0 1 0 1 0 0 0 1
0 1 1 0 0 0 1 1
0 0 0 1 0 0 1 0
1 1 1 1 0 0 1 1
0 1 1 1 0 0 0 1
0 1 1 0 1 0 1 1
0 1 0 1 0 1 1 1
0 1 1 1 0 1 1 1
1 1 1 1 0 1 1 1
0 0 1 0 0 0 1 1
1 1 0 1 0 1 1 1
1 1 0 1 0 1 0 1
1 0 1 1 0 1 0 1
0 1 1 1 0 1 1 1
1 0 1 1 0 0 1 1
0 1 1 1 0 1 1 1
1 1 1 0 0 0 0 1
1 1 1 1 0 1 1 1
0 0 0 0 1 0 0 0
0 0 1 1 0 0 1 1
0 1 0 1 0 0 0 1
0 1 0 1 0 0 0 1
0 1 1 1 0 1 0 1
1 1 0 1 0 1 1 1
1 1 1 1 0 0 1 1
0 1 1 1 0 1 0 1
1 1 1 1 0 0 1 1
0 1 0 1 0 1 1 1
0 0 0 1 1 0 0 0
1 0 1 1 0 1 1 1
1 0 1 0 1 0 1 1
1 0 0 0 1 1 1 0
1 1 1 0 1 0 0 1
0 0 1 1 0 1 0 1
1 1 1 1 0 0 1 1
1 1 1 1 0 1 0 1
1 1 1 1 0 0 1 1
1 0 0 1 1 1 1 1
0 1 0 1 1 0 1 1
1 1 0 1 1 1 0 1
1 0 1 1 0 0 0 1
1 0 0 1 0 1 0 1
0 1 0 1 0 0 1 1
0 0 1 1 0 1 1 1
0 1 0 1 1 1 1 1
0 0 0 1 0 0 0 1
0 1 1 1 0 0 1 1
1 1 1 0 1 0 1 1
0 1 1 1 1 0 1 1
1 1 1 1 0 1 1 1
0 1 0 0 1 0 1 0
0 1 0 1 0 0 1 1
1 0 0 1 0 1 1 1
1 0 1 1 1 1 1 1
0 0 0 1 1 1 1 0
0 0 1 1 0 0 1 1
1 1 1 0 0 0 1 1
1 1 0 0 0 1 0 1
1 1 1 1 0 1 1 1
0 1 1 0 0 0 1 1
1 1 1 1 0 0 0 1
0 0 1 1 0 1 1 1
0 1 1 0 1 0 1 1
0 1 0 1 0 0 1 1
0 1 1 1 0 1 0 1
0 1 0 1 1 0 0 1
1 1 0 0 1 0 1 1
1 1 1 0 1 0 1 1
1 0 1 1 1 1 1 0
0 1 1 1 0 0 1 1
1 1 1 1 0 0 1 1
1 1 0 1 0 1 1 1
0 1 1 1 0 0 1 1
1 0 1 1 1 0 1 0
1 0 1 0 0 0 1 1
1 1 1 1 0 1 1 1
1 1 1 1 0 0 1 1
1 0 1 0 0 0 1 1
0 1 0 1 0 0 0 1
0 0 0 1 1 1 1 1
0 1 0 1 0 1 1 1
1 1 1 1 0 0 0 1
1 0 1 1 0 1 1 1
0 1 0 1 0 0 1 0
1 1 0 1 0 0 0 1
0 0 1 1 1 1 0 0
1 1 1 1 0 1 1 1
0 1 1 1 1 1 1 1
1 1 1 1 0 0 1 1
1 1 1 1 1 1 1 1
1 1 0 1 0 1 1 1
1 1 1 0 0 0 0 1
1 0 0 0 1 1 1 1
1 1 0 1 1 1 1 1
1 0 0 1 0 1 0 1
1 1 1 1 0 1 1 1
1 0 1 0 1 1 1 0
1 1 1 1 0 1 1 1
0 0 0 1 1 1 1 0
0 0 0 1 0 0 1 0
1 0 0 1 1 0 1 0
0 1 1 1 1 0 1 1
1 0 1 0 0 0 1 1
1 1 1 0 0 0 1 1
0 1 1 1 0 0 1 1
1 0 1 1 0 1 1 0
0 0 0 1 0 0 1 1
0 1 1 1 0 0 1 1
0 1 1 1 0 1 1 1
1 0 1 1 1 1 0 1
1 1 1 0 0 0 1 1
0 0 1 1 1 0 1 1
1 1 1 1 1 0 1 0
1 1 1 1 0 1 1 1
0 1 0 1 0 0 0 1
1 1 1 1 1 1 1 1
1 1 1 1 0 1 1 1
0 0 1 1 1 1 1 1
1 1 1 1 0 0 0 1
1 1 1 1 0 0 0 1
0 0 0 1 1 0 1 0
0 1 1 1 0 0 1 1
0 1 1 1 0 0 1 1
0 0 0 0 1 0 1 0
1 1 0 1 0 1 1 1
1 1 0 1 0 0 1 1
0 0 0 1 0 1 0 1
1 0 0 1 0 1 1 1
0 1 1 1 1 0 1 1
0 0 1 0 0 0 0 1
0 1 1 0 0 0 1 0
0 1 1 1 1 0 1 1
1 1 1 0 0 1 1 1
1 0 0 1 0 1 0 0
0 1 0 1 1 0 0 1
1 0 1 0 0 0 1 1
0 1 1 0 0 0 1 1
1 1 0 0 1 0 1 1
0 1 1 1 0 0 1 1
0 1 1 0 0 0 1 1
1 1 1 1 1 1 1 1
1 1 0 1 0 1 1 1
1 1 1 1 0 0 0 1
1 1 1 1 0 0 1 1
1 1 1 1 1 0 1 1
1 1 0 1 1 0 1 1
0 1 1 1 0 0 1 1
1 1 0 0 0 0 1 1
1 1 1 1 0 1 1 1
1 1 1 1 0 0 1 1
1 1 1 1 1 1 1 1
0 0 0 0 0 0 0 1
0 1 0 1 0 0 1 1
0 0 0 1 1 1 1 1
0 0 1 1 1 1 1 1
0 0 1 1 0 0 0 1
0 1 0 1 0 1 0 1
1 1 1 1 0 1 1 1
1 1 0 1 0 1 1 1
1 1 0 0 0 1 1 1
1 1 1 1 1 0 1 1
0 1 1 1 0 1 0 1
0 1 1 1 0 1 0 1
1 1 0 1 0 0 1 1
1 1 0 1 0 0 0 1
1 1 1 0 1 1 1 1
0 1 1 1 0 0 1 1
0 1 1 1 0 0 0 1
0 1 1 1 1 1 1 1
1 0 0 1 1 0 0 0
0 1 0 1 0 0 1 1
0 1 1 1 0 1 1 1
1 0 0 1 1 1 1 0
0 1 0 1 0 0 1 1
0 1 1 0 0 0 1 1
1 1 1 1 0 1 1 1
0 1 1 1 1 1 0 1
1 1 1 1 0 1 1 1
0 1 1 1 0 0 1 1
1 1 1 0 0 0 0 1
0 1 1 1 0 0 1 1
0 0 1 1 0 1 1 1
0 0 1 1 0 1 1 1
0 1 1 1 0 0 1 1
0 1 1 1 0 0 1 1
0 0 1 1 0 0 1 0
0 0 1 0 1 0 1 0
0 1 0 0 1 0 1 0
0 1 0 1 0 1 0 1
0 1 0 0 0 0 1 1
1 0 1 1 1 1 0 0
1 1 1 0 0 0 1 1
0 1 1 1 1 0 1 1
0 0 1 1 1 1 1 0
0 0 1 1 0 1 1 1
0 0 0 1 1 1 1 0
1 1 1 1 1 0 1 1
0 0 0 1 0 1 0 1
1 1 0 1 0 0 1 1
0 1 0 1 0 0 0 1
1 0 1 1 1 1 1 1
1 0 0 1 1 1 1 0
1 1 1 1 0 1 0 1
0 0 1 1 0 0 1 1
1 0 1 1 0 1 1 1
0 1 1 0 0 0 1 1
0 0 0 1 0 1 0 1
1 0 1 1 1 1 1 1
0 0 1 1 0 0 1 1
1 0 1 1 1 1 1 0
0 0 1 1 0 1 1 1
1 1 0 0 0 1 0 1
0 0 1 0 0 0 1 0
0 0 0 1 1 1 1 0
0 0 1 1 1 0 1 0
1 1 1 0 1 0 1 0
0 1 1 1 0 1 1 1
0 1 1 1 0 0 1 1
0 1 0 0 0 0 1 1
0 1 1 1 1 0 1 1
0 1 1 1 0 0 1 1
0 1 1 1 0 1 1 1
1 1 1 1 1 0 0 1
1 0 0 0 1 0 1 0
0 1 0 1 1 0 1 1
0 1 1 0 0 0 0 1
1 1 0 1 0 1 1 1
1 1 1 1 0 0 1 1
0 0 0 1 1 0 0 1
1 1 1 0 0 0 1 1
1 0 0 1 0 1 0 1
0 0 1 1 0 0 1 1
1 1 1 0 0 0 1 1
1 1 1 0 0 0 1 1
0 1 1 1 0 0 1 1
0 0 1 0 1 0 0 0
1 1 1 1 1 1 1 1
1 1 1 1 0 1 1 1
1 0 0 1 1 1 1 0
1 1 1 1 0 1 1 1
1 0 1 1 0 1 1 1
1 1 1 1 1 1 0 1
1 1 1 1 0 1 1 1
0 1 1 1 0 0 1 1
0 0 1 0 1 0 1 1
1 1 1 1 0 1 1 1
0 1 1 1 0 0 1 1
1 1 1 1 0 1 1 1
0 1 1 1 1 1 1 1
0 1 1 1 0 0 0 1
1 1 0 0 0 0 0 1
1 1 1 0 0 0 1 1
0 0 1 1 0 1 0 1
0 1 1 1 0 0 1 0
0 0 0 0 1 0 0 0
1 1 1 0 1 0 0 0
1 1 1 1 0 0 1 1
1 0 0 1 0 0 1 0
1 1 0 1 1 1 1 1
1 1 0 1 0 1 0 1
0 0 1 1 0 1 1 1
0 1 1 1 0 0 1 1
0 0 0 1 0 1 1 0
1 0 1 1 1 1 1 0
0 1 1 1 1 1 1 1
1 1 1 1 0 0 1 1
0 1 1 1 1 0 1 1
0 0 0 1 1 1 1 0
1 1 1 1 1 0 1 0
0 0 0 1 0 0 1 0
0 0 1 1 0 1 1 1
1 1 1 0 0 0 1 1
0 1 1 1 0 0 1 1
0 1 1 1 1 0 1 1
0 1 1 1 0 0 1 1
1 1 1 0 0 0 0 1
0 1 0 0 1 0 1 1
0 1 1 1 0 0 1 1
1 1 1 1 0 1 1 1
1 1 0 1 0 1 0 1
1 1 0 1 0 0 1 1
0 1 1 0 0 0 1 1
1 1 1 0 0 1 1 1
0 0 0 1 1 0 0 0
0 0 0 1 1 0 0 0
1 1 0 1 1 1 1 1
0 0 0 1 0 1 1 1
0 1 0 0 0 0 0 1
1 1 0 1 0 1 1 1
1 1 1 1 1 0 1 0
0 0 1 1 0 1 1 1
0 1 0 1 0 0 1 1
1 1 1 1 0 1 1 1
0 1 1 1 0 0 1 1
0 1 1 1 0 1 1 1
0 1 1 0 1 0 1 1
0 1 1 1 0 0 1 1
0 1 1 0 1 0 1 1
0 1 1 1 0 0 0 1
0 1 0 0 0 0 1 1
1 0 1 0 0 0 1 0
0 1 1 1 0 0 0 1
0 1 1 1 1 0 1 1
1 1 1 1 0 1 1 1
0 0 1 1 0 1 1 1
1 1 0 1 0 0 1 1
1 1 1 1 0 1 1 1
1 1 0 1 0 1 0 1
1 1 1 1 0 0 1 1
1 1 1 1 1 1 1 1
1 1 1 1 0 0 1 1
1 1 1 1 0 0 1 1
1 1 1 1 0 1 1 1
1 1 1 1 0 1 1 1
1 0 0 1 0 1 0 1
0 1 0 1 0 0 1 1
0 0 0 1 0 0 1 1
1 1 0 1 0 1 0 1
0 1 0 1 0 0 1 1
1 1 1 1 0 0 1 1
0 1 1 1 0 0 1 1
0 1 1 0 0 0 1 1
1 1 1 0 0 0 1 1
1 1 0 1 0 1 0 1
1 1 1 1 0 1 1 1
0 0 1 1 0 1 1 1
0 1 1 1 1 0 1 1
1 1 1 1 0 1 0 1
1 0 0 1 1 1 1 0
0 0 1 0 0 0 0 1
0 1 1 0 0 0 1 1
0 1 0 1 0 1 0 1
0 1 0 0 0 0 1 1
0 0 1 1 0 1 0 1
0 0 0 1 1 1 0 0
1 1 1 1 0 0 1 1
1 1 1 1 0 0 1 1
1 1 1 1 0 1 0 1
0 1 0 1 1 0 1 1
0 1 0 0 0 0 1 1
1 1 1 1 0 1 1 1
0 1 0 1 1 0 0 1
1 1 1 1 0 1 1 1
0 1 1 1 1 1 1 1
1 1 1 1 0 1 0 1
1 1 1 1 0 1 1 1
0 1 1 1 1 1 1 1
1 1 1 1 0 0 1 1
0 1 1 1 0 1 0 1
1 1 0 1 0 0 1 1
1 1 1 1 0 0 1 1
1 1 0 1 0 1 0 1
0 1 0 1 0 0 0 1
1 1 1 1 0 1 1 1
0 1 1 1 0 1 1 1
1 1 1 1 0 0 0 1
0 0 1 1 0 1 1 0
0 1 0 1 0 0 0 1
0 1 1 1 0 0 1 1
0 1 1 1 0 1 0 1
0 0 1 1 1 0 1 1
1 1 1 1 1 0 1 1
1 1 1 1 0 1 1 1
0 1 0 0 1 0 1 0
0 1 0 1 1 0 1 1
0 0 1 1 0 0 1 0
1 1 0 1 0 0 1 1
0 1 1 1 1 0 1 1
0 0 1 1 0 0 1 1
1 1 1 0 0 0 0 1
1 1 0 1 1 1 1 1
0 1 1 1 0 0 1 1
0 1 1 0 0 0 1 1
0 1 1 1 0 0 0 1
1 0 0 1 1 1 0 0
1 1 0 1 1 0 0 0
0 1 1 1 1 0 1 0
0 1 0 1 0 0 0 1
1 1 1 0 0 1 1 1
0 0 1 1 1 1 1 1
0 1 0 1 0 1 0 1
1 1 1 1 0 1 1 1
0 0 1 0 0 0 1 1
0 1 1 1 0 0 1 1
1 1 0 1 0 0 0 1
0 0 1 1 0 0 1 0
1 1 1 0 0 0 1 1
1 0 0 1 0 1 0 1
0 0 0 1 1 0 1 0
1 1 1 1 0 0 1 1
0 1 1 1 0 0 1 1
0 1 1 1 1 1 1 1
0 1 1 1 0 0 1 1
0 1 1 1 1 0 1 1
1 1 1 1 1 0 1 1
1 0 1 1 1 1 1 0
1 1 1 1 0 1 1 1
0 1 1 1 0 1 1 1
1 1 0 1 1 1 0 1
0 1 1 1 1 0 1 1
1 0 1 1 1 1 1 0
0 0 0 1 1 1 0 0
0 1 1 1 0 1 0 1
0 0 0 0 1 0 1 0
0 0 1 1 1 1 1 0
0 1 1 1 0 0 1 1
0 0 1 1 1 1 1 1
0 1 0 1 0 1 1 1
1 1 1 1 0 1 1 1
0 0 1 1 0 0 1 1
0 1 1 1 0 1 1 1
1 0 0 1 1 0 0 0
1 1 1 1 0 1 0 1
1 1 1 1 0 1 1 1
0 1 1 1 0 0 1 1
0 1 0 1 1 0 1 1
1 1 0 1 0 1 1 1
1 1 0 0 0 0 1 1
0 1 1 0 0 0 0 1
0 1 1 1 0 1 1 1
0 0 0 1 1 1 1 0
0 0 0 1 0 1 1 0
1 1 1 1 0 1 1 1
0 1 1 1 1 1 1 1
1 1 1 1 0 1 1 1
0 0 0 0 0 0 0 0
1 1 1 1 0 0 1 1
1 1 1 0 1 1 1 1
0 1 1 0 1 0 1 1
1 0 1 1 0 0 1 0
0 1 0 1 1 0 1 0
0 1 0 1 0 1 0 1
0 0 0 1 1 1 0 0
0 1 1 0 0 0 1 1
1 1 1 0 0 0 0 1
0 1 0 0 0 0 1 1
1 0 0 1 1 1 1 0
1 1 1 1 1 1 1 1
0 1 1 1 0 1 1 1
0 0 0 1 0 1 1 0
1 1 1 1 0 1 1 1
1 1 0 0 0 0 1 1
0 1 0 1 0 0 0 1
0 1 1 1 0 1 1 1
0 1 1 1 0 0 0 1
0 1 1 1 0 1 1 1
0 1 1 0 0 0 1 1
0 0 0 1 1 1 0 0
1 1 1 1 0 1 1 1
0 1 0 0 0 0 0 0
1 1 1 1 0 1 0 1
0 1 0 1 0 0 0 1
0 1 1 1 0 1 1 1
1 1 1 1 0 1 1 1
1 1 0 1 0 1 0 1
0 1 1 1 0 0 1 1
0 0 1 1 0 1 0 1
0 1 1 1 0 0 1 1
0 1 1 1 1 1 0 1
1 0 1 1 1 1 0 1
1 1 1 0 0 0 1 1
1 0 1 1 0 1 0 1
1 1 0 1 1 1 0 1
1 1 0 1 0 1 1 1
1 1 1 1 0 0 1 1
1 1 1 0 0 1 0 1
1 1 0 0 0 0 1 1
1 1 1 1 0 1 1 1
1 1 1 0 1 0 1 1
0 1 1 1 0 1 1 1
0 1 1 0 1 0 1 1
1 1 1 1 0 0 1 1
0 1 1 0 0 0 1 1
1 0 1 1 0 1 1 1
1 0 1 1 1 1 1 0
0 1 1 1 0 0 1 1
0 1 0 1 1 0 1 1
1 0 1 1 0 1 1 1
1 1 0 1 1 1 0 1
1 1 0 1 1 0 0 1
1 1 0 1 1 0 0 1
1 0 1 1 0 1 1 1
0 1 1 1 0 0 1 1
0 1 0 0 0 0 1 1
1 0 1 1 1 1 1 0
1 0 0 1 0 1 1 0
0 1 0 1 0 0 0 1
1 1 1 1 0 0 0 1
0 1 0 1 0 0 1 1
0 1 1 1 0 0 0 1
0 1 1 1 0 1 1 1
0 1 1 0 0 0 0 1
1 1 1 1 0 1 1 1
0 1 1 1 0 1 1 1
0 1 1 0 0 0 1 1
1 1 1 1 1 1 1 1
0 1 1 1 0 0 0 1
1 1 1 1 1 1 1 1
1 1 0 1 0 0 1 1
0 0 0 1 0 0 1 0
0 1 1 1 1 0 1 1
0 1 0 1 0 0 1 1
0 1 1 0 1 0 1 1
1 0 0 1 1 0 1 0
0 0 1 1 0 1 1 1
0 0 0 1 1 1 0 0
1 1 1 0 0 1 1 1
0 1 1 1 0 0 1 1
1 1 1 1 0 0 1 1
0 1 1 0 0 0 0 1
0 0 1 0 0 0 1 1
0 0 1 1 0 0 1 1
0 0 1 0 0 0 1 1
0 1 0 0 1 0 1 1
1 1 0 1 1 1 1 1
0 1 1 0 1 0 1 1
1 1 1 1 1 1 1 1
0 1 1 0 1 0 1 1
0 0 0 1 0 1 1 0
0 1 1 1 0 0 1 1
0 0 0 1 1 0 0 0
0 1 1 0 1 0 1 1
0 1 1 1 0 1 1 1
0 1 1 1 0 0 1 1
0 0 1 1 0 0 1 1
0 0 0 1 0 1 1 1
1 1 1 1 1 1 1 1
0 1 0 1 0 0 0 1
1 1 1 1 0 1 1 1
0 1 0 1 0 0 0 1
1 1 0 1 0 1 1 1
0 1 1 1 0 0 1 1
1 1 1 1 0 0 1 1
0 0 1 1 0 1 1 1
0 1 0 1 0 0 0 1
0 1 1 1 0 0 1 1
0 1 1 1 0 0 1 1
0 1 1 1 1 0 1 1
0 1 0 0 1 0 1 1
1 1 1 0 1 1 1 1
0 1 0 1 1 0 1 0
1 0 0 1 1 0 1 0
1 1 0 1 0 0 1 1
0 0 1 1 1 1 1 0
0 1 1 1 0 0 1 1
0 0 1 1 1 1 0 0
1 1 1 1 0 0 0 1
1 1 1 1 1 0 1 1
0 0 1 1 1 0 1 0
1 0 0 1 0 0 0 0
0 1 1 1 0 0 1 1
0 1 1 0 0 0 1 1
0 1 1 1 0 1 1 1
0 0 0 1 1 0 0 0
0 1 1 1 0 0 1 1
1 1 1 1 0 1 1 1
0 1 1 1 0 0 1 1
1 1 1 0 0 0 1 1
1 1 1 1 0 0 1 1
1 0 0 1 1 1 1 0
1 0 0 1 1 0 0 0
0 0 1 0 0 0 1 1
0 1 0 1 0 0 1 1
1 0 1 1 1 0 1 0
1 1 1 1 0 1 1 1
1 0 1 0 0 0 1 1
0 1 1 1 0 0 0 1
1 1 1 1 0 1 1 1
0 1 1 1 0 1 1 1
0 1 0 1 0 1 1 1
1 1 0 1 0 1 0 1
0 0 1 1 0 0 1 1
1 1 0 1 0 0 0 1
0 0 0 1 0 0 0 0
1 0 1 1 1 1 1 1
1 1 1 1 1 1 1 1
0 0 1 1 1 1 0 1
1 0 1 1 0 0 1 1
1 1 1 1 1 0 1 1
1 1 0 1 0 1 1 1
1 1 0 0 0 0 0 1
0 1 0 1 1 0 1 1
1 1 1 0 0 0 1 1
0 1 1 1 0 0 1 1
1 0 0 0 1 0 1 0
0 1 1 1 1 0 1 1
0 1 1 1 0 0 1 1
1 1 1 0 1 1 1 1
1 0 0 0 1 0 0 0
1 1 0 1 0 1 0 1
1 1 1 1 0 0 1 1
1 1 1 1 0 1 1 1
1 0 1 1 0 1 1 1
0 1 0 1 0 1 0 1
1 1 0 1 0 0 0 1
1 1 1 0 0 1 1 1
1 0 0 0 0 0 1 1
1 1 1 1 1 0 1 1
0 1 0 1 1 1 1 1
0 1 1 1 0 0 0 1
0 1 1 0 0 0 1 1
0 1 0 1 1 0 1 1
0 1 0 1 1 1 0 1
1 0 1 1 1 1 1 0
0 1 1 1 0 0 0 1
1 1 1 1 0 1 1 1
1 1 0 1 0 0 0 1
0 1 1 1 0 0 1 1
0 1 1 0 0 0 0 1
0 1 0 1 0 1 1 1
0 0 0 1 0 1 1 0
0 0 0 1 1 0 0 0
0 1 1 1 0 1 1 1
0 1 0 1 0 0 1 1
0 0 1 1 1 0 1 0
0 0 1 1 1 0 1 0
0 1 0 1 1 0 0 1
1 1 1 1 0 1 1 1
1 1 0 1 0 0 0 1
1 0 0 1 1 0 1 0
0 1 0 0 0 0 0 1
1 1 1 1 0 1 1 1
1 1 1 1 0 1 1 1
1 1 0 1 1 1 1 1
1 1 1 1 0 1 1 1
1 1 1 0 1 0 1 1
0 1 1 0 0 0 1 1
0 0 1 0 1 1 0 0
1 1 1 0 0 0 0 1
1 1 0 1 1 0 0 1
0 1 0 1 0 0 1 1
1 0 0 0 1 1 1 1
0 1 1 1 0 0 0 1
0 1 1 1 1 0 1 1
1 0 1 0 1 0 1 0
1 1 1 1 0 0 1 1
0 1 1 1 0 1 1 1
1 1 0 1 1 1 1 1
0 1 1 1 0 1 0 1
0 0 1 1 0 1 1 1
0 1 1 1 1 0 1 1
0 1 1 1 0 0 0 1
0 0 0 1 1 1 1 1
0 0 1 1 0 1 1 0
1 1 1 1 0 1 1 1
0 1 1 1 0 0 0 1
0 0 1 1 1 0 1 1
0 1 0 1 0 1 1 1
0 1 0 1 0 0 0 1
0 0 0 1 1 1 1 0
0 1 1 0 0 0 1 1
0 1 0 0 1 1 1 1
1 1 0 1 0 0 0 1
0 1 1 1 0 0 1 1
0 1 1 1 0 1 1 1
1 1 1 0 0 1 1 1
0 1 1 0 1 0 1 1
0 1 0 1 0 1 0 1
1 1 1 1 1 0 1 1
1 1 0 1 0 1 1 1
1 0 0 1 0 1 1 1
0 0 0 1 0 1 0 1
0 1 1 0 1 0 1 1
1 1 1 1 0 1 1 1
1 1 1 1 1 1 1 1
0 1 1 1 0 0 1 1
0 0 1 1 0 1 0 1
0 0 0 1 0 0 0 0
1 1 1 0 1 1 1 1
1 1 1 1 0 1 1 1
0 1 1 1 0 1 1 1
0 1 1 1 0 0 0 1
1 0 1 1 0 0 0 1
0 1 1 1 1 1 1 1
1 1 1 1 0 0 1 1
0 1 1 1 1 1 1 1
1 0 1 1 1 1 1 1
1 1 0 0 0 0 1 1
1 1 1 1 0 0 1 1
0 1 1 1 0 0 1 1
0 1 0 0 1 0 1 1
0 1 1 1 0 0 0 1
1 0 0 1 1 1 1 0
1 1 1 1 1 1 1 1
0 1 1 1 1 0 1 1
0 1 0 1 0 0 0 1
0 1 1 0 0 0 0 1
1 1 0 1 0 1 1 1
0 1 1 1 0 0 0 1
0 1 1 1 0 0 1 1
1 1 1 1 0 1 0 1
0 0 0 1 1 0 1 0
0 0 1 1 0 1 0 1
1 0 0 1 0 1 0 0
0 1 1 1 0 1 1 1
1 0 0 1 1 1 1 0
0 0 1 1 1 1 1 1
0 1 1 1 1 1 1 1
0 1 1 1 0 0 1 1
1 1 1 1 0 1 1 1
0 1 1 1 0 1 1 1
0 1 1 1 0 1 1 1
0 1 1 1 0 1 1 1
0 1 0 1 0 1 0 1
1 1 0 1 0 1 1 1
1 0 1 1 0 0 1 1
1 0 0 1 0 1 1 0
0 1 0 1 1 1 1 1
0 1 0 1 1 0 1 0
1 0 0 1 1 1 0 0
1 1 1 1 0 1 1 1
0 1 1 1 0 1 1 1
1 1 1 0 0 1 1 1
1 1 1 1 0 1 1 1
1 0 0 1 0 1 1 0
1 1 1 1 0 0 1 1
1 1 0 1 0 1 1 1
0 1 0 1 1 0 0 0
0 1 1 1 0 0 1 1
1 1 0 1 1 0 1 1
0 1 1 1 0 0 1 1
1 1 0 1 1 1 1 1
1 0 0 1 0 0 0 0
0 1 1 1 1 0 0 1
0 1 1 1 1 1 1 1
1 0 0 0 0 1 0 1
1 1 0 1 0 0 1 0
1 1 1 1 0 1 0 1
0 0 1 1 0 1 1 0
1 1 0 1 0 1 0 1
0 1 1 1 0 1 1 1
0 1 1 1 1 0 1 1
1 0 1 1 0 1 1 1
1 1 0 1 0 0 0 1
1 1 1 1 0 1 1 1
1 1 0 1 0 0 0 1
1 0 0 0 1 1 1 0
1 1 0 1 0 1 1 1
1 1 1 1 0 1 0 1
0 0 1 0 0 0 0 1
0 1 1 0 0 0 1 1
1 1 1 0 1 0 1 1
1 0 0 1 1 1 1 0
1 1 1 0 0 0 1 1
1 1 0 1 0 0 0 1
1 0 1 1 0 1 1 1
1 1 1 1 0 1 1 1
0 1 0 1 0 0 1 1
0 1 1 1 0 0 0 1
0 1 1 1 0 0 1 1
1 1 1 0 1 1 1 1
1 1 1 0 0 1 1 1
0 0 1 1 0 1 0 1
1 0 1 1 0 1 1 1
0 0 0 0 1 0 1 1
0 1 1 1 0 0 1 1
1 0 1 1 0 1 1 1
0 1 1 0 0 0 1 1
1 1 1 1 0 1 1 1
0 0 0 0 1 0 0 0
1 1 1 1 0 0 1 1
1 1 1 1 0 1 0 1
1 1 1 1 1 1 1 1
0 1 0 1 1 0 1 1
1 1 1 0 1 0 1 1
1 1 1 1 0 1 1 1
1 1 0 0 0 1 1 1
0 1 1 0 1 0 1 1
1 0 1 1 0 1 1 1
0 0 0 0 1 0 1 0
1 1 1 1 0 0 0 1
1 1 0 1 1 0 1 1
1 1 0 1 1 1 1 1
0 0 0 1 1 0 0 0
1 0 1 0 0 1 0 1
1 0 1 0 0 0 0 1
0 1 1 0 0 0 1 1
0 1 0 1 0 0 1 1
0 1 1 1 0 0 1 1
1 0 0 1 1 1 1 0
1 0 1 1 0 0 1 1
1 1 0 1 0 1 0 1
0 1 1 0 0 0 1 1
0 1 0 0 0 0 1 1
0 1 0 1 0 0 0 1
1 0 1 1 1 1 0 0
1 1 1 1 0 1 1 1
1 1 0 1 0 0 0 1
1 1 1 1 1 0 1 1
0 1 1 1 0 1 1 1
0 0 0 1 0 0 1 1
1 1 1 1 0 1 1 1
1 1 0 1 0 1 1 1
0 1 0 1 1 0 0 1
0 1 1 0 0 0 1 1
1 0 0 0 0 1 1 1
1 0 1 0 1 0 1 0
0 1 0 1 0 0 1 1
1 1 1 1 1 1 0 1
1 1 0 1 0 0 1 1
0 1 1 1 0 0 1 1
1 0 0 1 1 1 1 0
0 1 1 1 1 0 1 1
1 1 1 1 0 0 0 1
1 1 1 1 1 0 1 1
1 0 1 1 0 1 1 1
1 1 1 1 1 1 1 1
1 1 1 1 0 0 0 1
1 1 1 1 0 1 1 1
1 1 0 0 0 0 0 1
1 1 1 1 0 1 1 1
0 1 1 0 1 0 1 1
0 1 1 0 1 0 1 1
0 1 1 1 0 1 0 1
1 0 0 1 1 1 1 0
0 0 1 1 1 0 1 1
1 0 0 1 1 1 1 0
0 0 0 1 1 0 0 0
0 0 0 1 1 1 0 0
0 1 1 1 1 0 1 1
1 1 1 1 0 1 0 1
0 0 0 0 1 0 0 1
1 0 1 1 0 1 1 0
0 1 0 1 1 0 0 1
1 1 1 1 0 1 1 1
0 1 1 1 0 1 1 1
1 1 1 1 0 0 1 1
0 1 0 1 1 0 0 1
0 1 0 0 0 0 0 1
0 0 0 0 0 0 1 1
0 1 0 1 0 0 1 1
1 1 0 0 0 0 0 0
0 1 1 1 0 1 1 1
1 1 1 0 0 0 0 1
0 1 1 1 1 0 1 1
0 0 0 1 1 0 1 0
0 0 0 1 1 1 1 0
0 1 1 1 0 1 1 1
0 1 1 0 0 0 1 1
0 1 1 0 0 0 0 1
1 1 1 1 0 1 1 1
1 1 0 1 0 0 1 1
1 1 1 1 1 1 1 1
1 1 1 1 0 1 1 1
1 1 1 1 0 0 1 1
0 1 0 0 0 0 0 1
0 0 0 1 0 1 0 0
1 1 0 1 1 1 1 1
0 1 1 1 0 1 1 1
1 1 1 0 1 0 1 1
1 1 1 1 0 1 1 1
0 1 1 1 0 1 0 1
0 1 1 0 0 0 1 1
1 1 0 1 0 1 1 1
0 0 1 1 0 1 1 1
1 1 1 1 0 1 1 1
1 1 1 1 0 1 1 1
0 1 1 1 0 0 0 1
0 1 1 0 0 0 1 1
0 1 1 1 0 0 1 1
1 0 0 1 1 1 0 0
0 1 1 1 0 1 1 1
0 1 1 1 0 0 0 1
1 1 1 1 0 1 0 1
1 1 1 1 0 0 1 1
0 1 1 0 0 0 0 1
0 1 1 0 0 0 1 1
0 1 1 1 1 1 1 1
1 0 1 1 0 1 1 1
0 1 1 1 0 0 0 1
0 1 1 1 1 0 1 1
0 1 0 1 0 1 1 1
0 1 0 1 0 0 0 1
1 0 1 1 0 1 0 1
1 1 0 0 0 1 0 1
1 1 1 1 0 1 0 1
1 0 0 1 1 1 1 0
1 1 1 0 0 0 1 1
1 1 1 0 1 1 1 1
0 0 0 1 1 1 1 0
1 1 1 1 0 1 1 1
0 1 1 1 0 0 1 1
0 0 0 1 1 0 0 0
0 1 1 1 0 0 1 1
0 1 1 0 0 0 1 1
0 0 0 1 0 1 1 0
0 1 1 1 0 0 1 1
1 1 0 1 0 1 0 1
1 1 1 0 1 0 1 1
1 1 0 1 0 0 0 1
0 1 1 0 0 0 1 1
0 0 0 0 0 0 1 1
0 1 1 0 0 0 1 1
0 1 1 0 1 0 1 1
1 0 1 1 0 1 1 1
1 1 1 0 0 1 1 1
0 1 1 1 0 1 0 1
1 1 1 1 0 0 0 1
1 1 0 1 0 1 1 1
1 1 1 0 0 0 0 1
1 1 1 0 1 0 1 1
1 1 1 1 1 1 1 1
1 1 0 1 0 1 1 1
0 0 0 0 1 1 0 0
1 1 1 1 0 0 1 1
0 1 1 1 1 1 1 1
1 1 1 0 0 0 1 1
0 1 1 1 0 0 1 1
1 1 1 1 0 0 1 1
0 1 1 1 0 0 0 1
0 0 0 1 0 0 1 0
0 0 1 0 1 0 1 1
0 1 0 1 0 0 1 1
1 1 1 1 0 0 1 1
0 0 1 0 0 0 1 1
0 1 0 1 1 0 1 1
1 1 1 1 1 1 1 1
1 1 1 1 0 0 0 1
1 1 1 1 1 0 0 1
0 1 0 1 1 0 0 1
0 0 0 1 1 0 0 0
1 1 1 1 1 1 0 1
1 1 1 1 0 1 1 1
0 1 1 1 1 0 1 1
1 1 0 1 0 0 0 1
1 1 1 1 0 0 0 1
1 0 1 0 1 0 1 1
0 0 0 0 1 0 1 0
1 0 0 0 1 0 0 0
0 1 0 1 0 0 0 1
0 1 1 1 1 0 1 1
1 1 0 1 1 1 1 1
0 1 0 1 0 1 1 1
0 0 0 0 0 0 1 0
1 1 0 0 0 0 0 1
1 1 0 1 0 0 0 1
0 1 1 1 1 0 0 1
1 0 1 0 0 1 0 1
1 1 1 1 0 1 1 1
1 1 1 1 0 0 0 1
0 1 1 1 0 0 0 1
1 1 1 0 0 0 0 1
0 1 1 1 0 0 1 1
0 1 1 0 0 0 1 1
0 1 1 1 0 0 1 1
1 0 1 1 0 1 1 1
1 1 0 1 0 1 0 1
1 1 1 1 0 0 1 1
1 1 0 1 0 1 1 1
0 1 1 0 0 0 1 1
0 0 1 1 1 0 1 0
1 1 1 1 1 1 1 1
1 1 0 1 0 1 0 1
1 1 1 1 0 1 0 1
0 1 0 1 0 0 1 1
1 1 1 1 0 0 0 1
1 1 0 1 0 1 1 1
1 1 1 1 0 1 1 1
0 1 1 0 0 0 0 1
0 1 1 1 1 1 1 1
0 0 1 1 0 1 1 1
0 1 1 1 1 0 1 1
0 1 1 1 0 1 1 1
0 1 1 0 0 0 1 1
1 0 0 1 1 0 1 0
1 0 1 1 0 1 1 1
0 1 1 1 0 1 1 1
1 1 1 1 0 0 1 1
0 1 1 1 0 1 0 1
0 1 1 1 0 1 1 1
1 1 1 1 0 1 1 1
1 1 1 1 0 0 1 1
0 1 1 1 0 1 0 1
0 1 1 1 0 0 1 1
1 0 0 1 0 1 0 0
0 0 1 1 0 1 0 1
0 1 1 1 0 1 0 1
0 1 0 1 0 0 0 1
1 1 1 0 0 1 1 1
0 1 0 1 0 0 1 1
1 1 1 1 0 0 0 1
1 1 1 1 0 0 1 1
0 0 1 1 0 1 1 1
1 1 0 1 0 0 1 1
0 1 1 1 1 0 1 1
1 1 1 1 1 1 1 1
0 1 1 1 0 0 1 1
0 1 1 1 0 0 0 1
0 1 0 1 0 0 1 1
0 1 1 1 1 1 1 1
1 1 1 1 0 1 1 1
1 1 1 1 1 1 1 1
1 1 1 1 0 1 1 1
0 1 1 1 1 0 1 1
1 1 0 1 0 0 0 1
1 1 0 1 0 0 1 0
0 1 0 1 1 1 0 1
1 1 1 0 1 0 1 1
0 1 1 1 0 0 1 1
1 1 1 1 0 0 1 1
1 1 1 0 0 1 0 1
0 0 1 1 0 1 1 1
0 1 0 1 0 0 0 1
1 1 0 0 0 0 1 1
1 1 1 1 0 1 1 1
0 0 0 1 1 1 1 0
1 1 1 0 0 0 1 1
0 1 1 1 0 0 0 1
1 0 0 1 0 1 0 0
1 1 1 1 0 0 1 1
0 1 1 0 0 0 1 1
1 1 0 1 0 1 1 1
1 1 1 1 0 0 1 1
0 0 0 1 1 0 0 0
0 0 0 1 1 1 1 0
1 0 0 1 1 1 1 0
0 1 0 1 1 0 1 1
0 1 1 1 0 1 1 1
1 1 1 1 0 0 1 1
1 1 1 1 0 1 1 1
0 1 1 1 0 0 1 1
1 1 1 1 0 0 1 1
1 0 1 1 0 1 1 1
0 1 1 1 0 0 1 1
0 1 1 1 1 0 0 1
1 0 1 1 0 1 0 1
1 0 1 1 0 1 1 1
0 1 0 1 1 0 1 1
0 1 1 1 1 0 1 1
0 1 0 1 0 1 0 1
1 1 1 1 0 1 1 1
1 1 1 1 0 1 1 1
1 1 1 1 0 1 1 1
1 0 0 0 1 0 0 0
0 1 1 1 0 1 1 1
1 1 0 1 1 0 1 1
1 1 0 1 1 1 1 1
0 1 1 1 0 0 0 1
1 1 1 0 0 0 1 1
0 1 1 1 0 0 1 1
0 1 1 1 0 0 1 1
1 1 1 1 0 1 1 1
1 0 1 1 0 1 0 1
1 1 1 1 1 1 1 1
1 1 1 1 1 1 1 1
0 1 1 1 1 0 1 1
0 1 1 1 0 0 0 1
1 1 0 0 0 0 1 1
0 0 0 1 1 0 0 0
1 1 1 1 0 1 1 1
0 1 1 1 0 1 0 1
1 1 1 1 1 1 1 1
0 0 0 1 0 1 1 0
1 1 1 1 0 1 1 1
0 1 0 1 0 0 0 1
1 1 1 0 1 0 1 1
0 1 1 1 1 0 1 1
1 1 1 1 1 1 1 1
0 1 1 1 0 1 1 1
0 1 0 1 0 0 1 1
1 1 1 1 0 1 1 1
0 0 1 1 1 0 1 0
0 1 1 1 0 0 1 1
0 1 1 1 1 0 1 1
0 0 1 1 0 0 1 1
0 1 0 1 0 0 0 0
0 1 0 1 0 1 1 1
1 1 0 0 0 1 0 1
1 1 1 1 0 1 1 1
0 1 1 1 1 0 1 1
1 1 0 1 0 1 0 1
0 1 1 1 1 1 1 1
0 1 0 1 0 1 1 1
0 1 1 1 0 0 1 1
0 1 0 1 1 1 0 1
0 0 0 1 0 1 1 0
1 1 1 1 0 0 1 1
1 1 0 1 0 1 0 1
0 1 1 1 0 0 0 1
0 0 1 1 0 1 1 1
0 1 0 1 0 1 0 1
1 1 0 1 0 0 0 1
1 1 1 1 0 1 1 1
0 0 0 1 1 1 1 0
0 1 1 1 1 1 1 1
0 1 0 1 0 0 1 1
1 0 1 1 0 1 1 1
1 1 1 1 0 0 1 1
0 1 0 1 0 0 1 1
0 0 1 1 0 0 1 1
1 1 1 1 0 0 0 1
1 1 0 1 0 1 1 1
1 1 1 1 1 0 1 1
1 1 1 1 0 0 1 1
1 1 1 1 0 1 0 1
0 1 1 1 0 0 1 1
0 0 1 1 0 1 1 1
1 0 0 1 0 1 0 1
1 1 1 1 0 1 1 1
0 0 0 1 1 0 0 0
0 1 1 1 0 0 1 1
0 0 1 0 0 0 1 0
0 1 0 1 0 1 0 1
1 1 0 1 0 0 1 1
0 1 1 1 0 0 0 1
0 1 1 1 0 0 1 1
0 1 0 1 0 0 1 1
0 1 0 1 1 0 1 1
0 1 0 1 1 0 1 0
0 0 1 1 1 1 1 0
1 1 1 1 0 1 1 1
1 1 1 1 0 1 1 1
0 1 1 1 0 1 1 1
1 1 1 1 0 0 1 1
0 1 0 1 0 0 0 1
0 1 1 1 0 1 0 1
0 1 0 1 0 0 0 1
0 1 0 1 0 0 0 1
1 1 1 0 0 0 1 1
0 1 1 0 1 0 1 1
0 1 1 0 0 0 1 1
1 1 0 0 0 0 0 1
1 1 1 1 0 0 1 1
1 0 0 1 1 1 1 0
1 0 1 1 0 1 1 1
0 0 1 1 0 1 1 1
1 1 1 1 1 0 1 1
1 0 1 1 0 1 1 1
1 1 1 1 0 0 0 1
0 1 1 1 0 1 1 1
0 1 0 1 1 0 1 1
0 0 1 1 1 1 1 0
0 1 1 0 0 0 1 1
1 0 0 1 0 1 1 1
0 1 0 1 0 0 1 1
0 1 1 1 0 1 1 1
0 0 0 1 1 0 0 0
0 0 0 0 1 0 0 0
0 0 0 1 0 0 0 1
0 1 0 1 1 0 1 1
0 1 1 1 0 0 0 1
0 1 1 0 0 0 1 1
1 0 1 1 0 1 1 1
0 1 1 1 0 0 1 1
1 1 1 1 0 1 0 1
1 1 0 1 1 0 1 0
1 1 1 1 0 0 1 1
0 0 1 0 0 0 1 0
0 1 0 1 1 0 1 0
1 1 0 1 1 0 1 0
0 0 1 1 0 0 1 0
0 1 1 1 0 1 1 1
0 1 0 0 0 0 0 1
0 0 0 1 0 0 1 1
1 0 0 1 1 1 1 0
1 1 1 1 0 1 0 1
1 0 0 1 1 1 1 0
1 1 1 1 0 1 1 1
0 1 1 1 0 0 1 1
0 1 0 1 0 0 1 1
1 1 0 1 0 1 1 1
0 1 1 0 1 0 1 1
0 1 0 1 0 0 1 1
1 1 0 1 0 0 1 1
0 0 0 0 1 0 1 0
0 0 0 1 1 0 0 0
0 1 1 1 0 0 1 1
0 1 1 1 0 0 1 1
1 1 0 1 1 0 1 0
0 1 1 0 1 0 1 1
0 0 1 1 0 1 1 1
0 1 1 1 0 0 1 1
1 0 0 1 1 1 1 1
0 0 1 1 0 1 1 1
0 0 1 0 0 0 1 0
0 1 1 1 0 0 1 1
0 1 1 1 1 0 0 1
1 1 1 0 0 0 1 1
0 1 0 1 0 1 0 1
1 1 0 0 0 0 0 1
1 1 1 1 0 1 1 1
1 1 1 0 0 0 0 1
0 1 1 1 0 0 0 1
0 0 1 0 0 0 1 1
0 1 0 1 0 0 0 1
0 1 1 1 0 1 1 1
0 1 1 1 0 0 1 1
1 1 0 1 0 0 0 1
1 1 1 1 0 1 1 1
1 1 1 0 0 0 0 1
1 1 0 1 0 1 0 1
1 0 0 1 1 1 0 0
0 1 0 1 1 0 1 0
1 0 0 1 1 1 1 0
1 1 1 1 0 1 1 1
1 1 1 1 0 1 0 1
0 0 1 1 1 0 1 1
1 0 1 1 0 1 1 1
0 1 1 1 1 1 1 1
1 0 1 1 1 1 1 1
0 0 0 1 1 0 1 0
0 0 0 1 0 1 0 0
0 0 1 1 0 1 1 1
0 1 1 1 1 0 1 1
0 1 1 1 0 0 1 1
1 1 1 1 0 0 0 1
0 1 1 1 0 1 1 1
1 1 1 1 0 1 0 1
0 1 1 0 0 0 0 1
1 1 1 1 0 1 1 1
0 1 1 1 1 0 1 1
0 1 0 1 0 1 0 1
1 1 1 0 0 0 1 1
0 1 1 1 0 0 1 1
1 0 1 1 1 1 0 0
0 0 1 1 0 1 1 1
0 1 1 1 0 1 1 1
1 1 1 1 1 0 1 1
0 1 0 1 0 1 0 1
1 1 0 1 1 1 0 1
0 1 1 1 0 1 1 1
1 0 1 1 1 1 0 1
0 1 1 1 0 0 1 1
1 1 0 1 0 1 1 1
0 0 1 1 0 0 1 1
0 1 1 1 0 1 1 1
0 1 0 1 0 0 0 1
0 0 0 1 1 1 1 0
1 1 1 1 0 1 1 1
0 1 1 1 0 0 1 1
1 1 0 1 0 1 1 1
1 0 1 1 1 1 1 1
1 1 0 1 1 0 1 0
1 1 1 1 1 0 1 1
0 0 0 1 0 1 1 1
0 0 0 1 0 1 1 1
0 1 1 1 0 0 1 1
0 0 0 1 1 0 1 0
0 1 1 1 0 0 1 1
1 0 1 1 1 1 1 0
0 0 1 1 0 1 0 1
1 1 0 1 0 0 1 1
1 1 0 1 1 1 1 1
0 0 1 1 1 0 1 0
0 1 1 1 0 0 1 1
1 1 0 1 1 0 0 1
0 1 0 1 0 0 1 1
1 1 1 0 0 0 0 1
1 1 1 1 0 1 1 1
0 1 1 0 0 0 0 1
1 1 0 1 0 1 1 0
0 1 1 1 1 0 1 1
0 1 1 1 0 0 1 1
1 1 0 0 1 0 1 1
0 1 1 1 0 1 1 1
1 1 0 0 0 0 1 1
0 1 1 1 0 0 0 1
0 1 0 1 0 0 0 1
1 1 0 1 0 0 0 1
0 1 0 1 0 0 1 1
0 1 1 1 0 1 1 1
0 1 1 0 0 0 1 1
1 0 1 1 0 0 1 0
1 1 0 1 1 0 0 1
0 1 1 1 0 1 1 1
0 0 1 0 0 0 1 1
1 1 1 1 1 0 1 1
0 1 1 1 1 1 1 1
1 0 0 1 0 1 0 0
0 1 1 1 1 0 1 1
0 1 1 1 0 0 0 1
0 1 1 0 0 0 1 1
0 0 1 1 0 0 1 1
1 0 0 1 0 1 0 0
1 1 1 1 0 1 1 1
0 1 1 1 0 1 1 1
0 0 0 1 1 0 1 0
1 0 0 0 1 0 1 1
1 0 0 1 0 1 0 1
1 1 1 1 0 0 1 1
1 1 1 1 0 1 1 1
1 0 0 1 1 1 1 0
1 1 0 1 0 1 0 1
1 1 1 1 0 1 0 1
0 1 1 1 0 1 1 1
1 0 1 0 0 0 1 1
0 0 1 1 1 0 1 1
1 1 0 1 0 0 1 1
0 1 0 1 1 1 1 1
0 1 1 0 0 0 0 1
1 1 0 1 0 1 0 1
1 0 1 1 1 1 1 1
0 1 1 1 0 0 0 1
1 1 1 1 0 1 1 1
1 0 1 1 1 1 1 0
0 1 1 1 0 1 0 1
1 1 1 1 0 0 0 1
0 1 0 0 1 0 1 1
0 1 1 0 0 0 1 1
0 1 1 1 0 0 1 1
0 1 1 0 0 0 1 1
0 1 1 1 0 0 1 1
1 0 1 1 1 1 1 0
1 1 1 1 0 1 1 1
1 1 1 1 1 1 1 1
1 1 1 1 0 1 1 1
1 1 1 1 0 0 1 1
0 1 0 1 0 0 1 1
0 1 0 1 0 1 0 1
1 1 1 1 1 1 1 1
1 1 0 1 0 0 0 1
1 1 1 1 0 0 1 1
0 1 0 1 0 0 1 1
1 1 1 1 1 1 1 1
0 1 0 1 0 1 0 1
1 1 0 1 1 0 1 0
0 1 0 0 1 0 1 1
0 1 1 1 0 0 1 1
0 1 1 1 0 0 1 1
1 1 0 1 0 1 0 1
1 0 0 1 0 1 1 0
1 1 0 0 0 0 1 1
1 1 1 1 0 1 1 1
1 1 0 1 0 1 1 1
0 1 0 0 0 0 0 1
0 1 0 1 0 0 1 1
0 1 1 1 0 0 0 1
0 1 1 0 0 0 1 1
1 0 0 0 1 1 0 0
1 0 1 1 1 1 1 1
1 1 1 1 0 0 1 1
1 0 1 0 0 1 0 1
1 1 1 1 0 0 1 1
1 1 0 1 0 1 1 1
1 1 1 1 0 1 1 1
0 0 0 1 1 1 1 0
1 0 0 1 1 1 0 0
1 1 1 1 1 0 1 1
0 1 1 1 1 0 1 1
0 1 0 0 0 0 1 1
1 0 0 1 0 0 1 1
0 1 1 1 0 1 1 1
1 1 0 1 0 1 0 1
1 1 1 1 0 1 1 1
1 1 1 0 1 0 1 1
1 1 0 1 0 1 1 1
0 0 0 1 1 1 1 0
0 1 1 0 0 0 1 1
1 1 1 1 1 0 1 1
1 1 0 1 0 0 1 1
1 1 1 0 1 0 1 1
1 1 1 0 0 1 0 1
0 1 0 1 0 0 1 1
0 1 0 1 1 1 1 1
0 0 0 1 0 1 1 1
0 1 1 1 0 0 0 1
0 0 1 1 1 0 1 0
1 1 1 0 0 0 0 1
1 1 0 1 0 0 1 1
0 1 0 0 0 0 0 1
1 1 1 1 0 1 1 1
1 1 1 1 1 0 1 1
1 1 1 1 0 1 1 1
1 0 1 0 0 0 0 1
0 1 1 1 1 1 1 1
0 1 0 1 1 1 1 1
0 0 0 1 1 0 1 0
1 0 0 1 0 1 0 1
1 1 1 1 0 0 1 1
1 0 1 0 1 1 1 1
1 0 0 1 1 0 0 0
0 0 1 0 0 0 1 1
0 1 1 0 0 0 1 1
1 1 1 1 0 1 1 1
0 1 0 0 1 0 1 1
1 1 1 1 0 1 1 1
1 1 0 1 1 1 1 1
1 0 0 1 1 1 1 0
1 0 1 1 0 1 0 1
0 1 0 1 0 0 1 1
0 0 1 1 1 1 1 0
0 1 1 1 0 1 0 1
0 1 1 1 0 1 1 1
1 0 1 1 1 1 1 1
1 0 0 1 0 1 0 1
1 1 0 1 0 1 0 1
1 1 1 0 0 0 1 1
1 1 1 1 0 1 0 1
1 0 1 1 0 0 1 1
0 1 1 1 0 1 1 1
1 0 0 1 1 0 1 0
0 1 1 1 1 1 1 1
1 1 1 1 1 1 1 1
1 1 1 1 1 0 1 1
0 1 0 0 0 0 1 1
0 1 1 0 1 0 1 1
0 1 0 1 1 1 1 1
0 0 0 1 0 1 1 0
0 1 1 1 0 0 1 1
1 1 0 1 0 1 1 1
1 0 1 1 0 0 1 1
0 1 1 1 1 0 1 1
1 1 1 1 0 0 1 1
1 1 1 1 0 1 1 1
1 1 0 0 0 0 0 1
0 1 0 1 0 0 0 1
1 0 0 0 0 0 1 1
1 0 1 1 0 1 0 1
1 1 1 1 0 1 0 1
1 1 1 1 1 1 1 1
1 0 0 1 1 1 1 0
1 0 1 1 0 0 1 1
0 0 0 1 0 1 1 1
0 1 1 1 0 1 1 1
0 1 0 0 1 0 1 1
1 1 1 0 0 0 1 1
0 1 0 0 0 0 1 1
0 1 1 1 0 0 1 1
1 0 1 1 0 1 1 1
1 0 0 1 0 0 0 0
0 0 1 0 0 0 0 1
1 1 1 1 0 1 1 1
0 1 0 1 0 1 1 1
0 1 1 1 0 1 1 1
1 0 0 0 1 0 0 0
1 1 1 0 0 0 1 1
0 0 1 1 0 1 1 1
1 1 1 1 1 1 1 1
1 1 1 1 0 0 1 1
0 1 0 0 0 0 0 1
0 1 0 1 0 0 1 1
1 1 1 1 0 1 1 1
1 1 1 1 0 1 0 1
1 1 0 0 0 0 1 1
1 1 1 1 1 0 1 1
1 1 1 1 0 1 1 1
0 1 1 1 0 1 0 1
1 1 1 1 1 0 1 1
1 1 1 0 0 0 1 1
0 0 0 1 1 1 0 0
0 1 1 1 0 1 1 1
0 1 1 0 0 0 1 1
0 1 0 0 1 0 0 1
1 0 1 1 0 1 1 1
1 1 1 1 0 0 1 1
0 1 0 1 1 1 0 1
0 0 0 1 0 0 0 1
1 1 1 1 0 1 1 1
0 1 1 1 1 1 1 1
1 1 0 1 1 0 1 1
1 1 0 1 1 0 1 1
1 1 1 1 1 1 1 1
0 1 0 1 0 1 0 1
0 1 0 1 0 1 1 1
1 1 1 1 1 0 0 1
1 0 1 1 1 1 1 1
0 1 1 1 0 0 0 1
1 1 1 1 1 0 1 1
1 0 1 1 1 1 1 0
1 0 0 1 1 1 0 1
1 1 1 1 0 1 1 1
1 1 1 0 0 0 1 1
1 1 1 1 1 1 1 1
0 0 1 0 0 0 1 1
1 0 1 1 0 0 1 1
1 1 1 0 1 0 1 1
0 1 1 1 0 0 1 1
0 1 1 1 0 0 1 1
1 0 1 1 0 1 0 1
1 1 0 1 0 0 0 1
0 1 1 1 0 0 1 1
0 1 1 0 0 0 0 1
1 0 1 1 0 1 0 1
1 1 0 0 0 0 1 1
0 1 0 1 1 0 1 0
0 0 1 1 1 1 1 0
0 1 0 1 1 0 1 0
0 0 1 1 0 1 1 1
0 1 0 1 1 0 1 1
1 1 1 1 0 1 1 1
1 0 1 1 1 1 1 0
1 1 1 1 0 1 1 1
1 0 0 1 1 1 1 0
1 1 1 1 1 0 1 1
0 1 1 0 0 0 0 1
1 1 0 1 0 1 1 1
0 0 0 1 0 1 1 1
1 0 0 1 1 1 1 0
0 1 1 1 1 0 0 0
0 1 1 1 0 0 1 1
0 1 1 0 0 0 1 1
1 1 1 1 0 1 1 1
0 1 0 0 1 1 1 1
0 1 1 0 0 0 1 1
0 1 0 1 0 1 0 1
1 1 1 1 1 1 1 1
1 0 1 1 0 0 1 0
0 1 1 1 0 1 0 1
0 1 1 1 0 0 1 1
1 0 1 1 0 1 0 1
1 1 1 1 0 1 1 1
1 0 1 1 0 1 1 1
1 1 1 0 0 0 0 1
1 0 1 1 1 0 1 1
1 1 0 1 0 1 0 1
0 1 0 1 0 0 1 1
1 0 0 1 0 1 0 1
1 1 1 0 0 0 1 1
1 1 1 1 0 1 1 1
1 1 1 1 0 1 1 1
1 1 1 1 0 1 0 1
0 1 1 1 0 1 0 1
0 1 1 0 0 0 1 1
1 1 1 1 0 1 1 1
1 1 1 1 0 0 1 1
1 1 1 1 0 1 0 1
1 1 1 0 0 0 1 1
1 0 1 0 1 1 1 1
1 1 0 0 1 0 1 1
1 0 0 1 1 1 1 0
0 1 0 1 1 1 1 1
0 1 0 1 0 1 1 1
1 1 1 1 0 1 1 1
1 1 1 1 1 1 1 1
0 1 0 1 0 0 0 1
1 1 1 1 0 1 1 1
1 0 0 1 1 1 0 0
0 1 1 1 1 0 1 0
1 0 0 0 1 0 1 0
0 1 0 1 0 1 1 1
1 1 1 1 0 1 1 1
1 1 1 1 0 0 1 1
0 0 0 1 1 0 1 0
1 1 0 1 0 0 1 1
1 1 1 1 0 1 0 1
1 1 1 1 0 0 1 1
0 0 1 1 0 0 1 1
1 1 1 1 0 0 1 1
1 0 0 1 1 1 1 0
1 1 1 1 1 1 1 1
0 1 1 0 0 0 0 1
0 1 1 1 0 0 0 1
1 1 1 0 0 0 1 1
0 1 1 1 0 0 1 1
0 1 0 1 1 1 0 1
0 1 1 0 0 0 1 1
0 0 0 1 0 0 0 0
0 1 1 1 1 1 1 1
1 1 0 1 0 0 0 1
0 1 1 1 0 0 0 1
1 0 1 1 0 1 1 1
1 1 0 1 1 0 0 1
1 1 1 1 1 0 1 0
1 1 1 1 0 0 1 1
0 1 0 1 0 0 1 1
1 1 1 0 0 0 0 1
0 0 1 0 1 0 1 0
0 1 0 1 0 0 0 1
1 1 0 1 0 1 0 1
1 1 1 0 0 1 1 1
1 0 1 1 1 1 1 0
0 1 1 1 0 0 1 1
0 0 0 1 0 1 1 1
0 1 0 1 1 0 1 0
0 1 1 1 1 0 1 1
0 0 1 1 1 0 0 1
0 0 0 1 0 1 1 1
0 1 0 1 0 0 0 1
1 1 0 1 0 0 0 1
0 1 1 1 0 0 0 1
0 1 1 1 0 0 1 1
1 1 0 1 1 0 1 0
1 1 0 1 0 1 1 1
1 0 1 1 1 1 1 1
0 1 1 1 0 1 1 1
1 1 0 1 1 0 0 1
1 0 1 1 1 1 1 1
0 0 1 0 0 0 1 1
0 0 0 1 0 1 1 1
1 1 1 0 0 0 0 1
0 1 0 1 0 1 1 1
0 1 1 1 0 0 1 1
0 0 1 1 1 1 1 0
1 1 1 1 0 1 1 1
0 1 1 1 1 1 1 1
0 1 0 1 0 0 1 1
1 1 1 1 0 0 1 1
0 1 1 1 0 1 1 1
1 0 0 1 1 0 0 0
0 1 1 0 0 0 0 1
0 1 0 1 0 1 1 1
0 1 0 1 1 1 1 1
0 0 0 1 0 1 0 1
0 0 0 1 1 1 1 0
1 0 1 0 1 1 1 1
1 0 0 1 0 1 1 1
1 0 1 0 1 0 1 0
0 1 1 1 0 1 0 1
1 1 0 1 0 0 0 1
0 1 0 1 0 1 1 1
1 1 1 0 0 0 1 1
1 1 1 1 0 1 1 1
1 0 0 1 0 1 0 1
0 0 1 0 0 0 0 1
0 1 1 0 0 0 0 1
0 1 0 1 0 0 1 1
0 1 1 0 0 0 1 1
1 1 1 1 0 0 1 1
1 1 0 1 1 1 1 1
1 1 0 1 0 1 1 1
0 1 1 1 0 1 0 1
1 1 1 1 0 1 1 1
0 1 0 1 0 1 1 1
0 1 1 0 1 0 1 1
1 1 1 0 1 0 1 1
1 1 1 1 1 1 1 1
1 1 0 0 0 0 0 1
1 1 1 1 1 0 1 1
0 0 1 1 1 0 1 0
1 1 1 1 0 1 1 1
0 1 1 0 0 0 1 1
1 1 0 1 1 1 1 1
0 1 0 1 0 1 1 1
0 0 0 1 1 0 1 0
1 1 1 1 0 1 0 1
0 0 1 1 0 0 0 1
1 1 1 1 0 1 0 1
0 0 1 1 1 1 1 0
0 1 0 1 0 1 1 1
0 1 1 1 0 0 1 1
1 0 0 1 0 1 0 0
0 1 1 1 0 1 0 1
1 1 1 1 1 1 0 1
0 1 0 1 1 1 0 1
1 1 1 1 0 0 1 1
1 1 0 1 1 0 1 1
1 1 1 1 0 1 1 1
0 1 0 0 0 0 0 1
0 0 1 1 1 1 1 1
0 1 1 1 0 1 1 1
1 0 0 1 0 1 0 0
1 1 1 1 0 1 1 1
1 1 1 1 1 0 0 1
1 1 0 0 1 0 1 1
0 1 1 0 1 0 1 1
1 1 1 1 0 0 1 1
1 1 0 1 0 0 1 1
0 1 0 0 0 0 1 1
1 0 0 1 0 0 0 0
0 1 1 1 0 1 1 1
1 0 0 1 1 1 1 0
1 1 1 1 0 1 1 1
0 0 0 1 0 0 1 1
0 1 0 1 1 0 0 1
0 0 1 1 0 1 1 1
1 1 1 0 0 0 1 1
1 1 0 1 0 0 1 1
0 0 0 1 0 1 1 1
1 1 0 1 0 0 0 1
0 1 1 0 0 0 1 1
1 1 1 1 0 1 0 1
1 1 1 1 1 0 1 1
1 1 1 1 0 1 1 1
0 1 1 1 0 1 0 1
1 1 1 0 0 1 0 1
0 0 1 1 1 0 1 1
1 1 0 0 0 0 1 1
0 1 1 1 0 1 1 1
0 1 0 1 1 0 1 1
1 1 0 0 0 0 1 1
0 0 1 1 0 0 1 1
0 0 1 1 0 1 1 1
1 1 1 0 0 1 1 1
1 0 0 1 1 1 1 0
1 0 0 1 1 1 1 0
0 1 1 0 0 0 1 1
1 1 1 1 0 1 1 1
0 1 1 1 1 0 1 1
1 1 0 1 0 0 1 1
1 0 0 0 0 0 0 1
1 1 1 1 1 0 0 1
0 1 1 1 0 1 1 1
0 1 1 1 0 0 1 1
1 1 1 1 1 1 1 1
0 1 1 0 1 0 1 1
1 1 0 1 0 0 0 1
1 0 1 0 1 0 1 0
1 1 1 1 1 0 1 0
1 1 1 0 0 0 1 1
0 1 1 1 1 0 1 1
0 1 1 1 0 0 0 1
0 1 1 0 0 0 0 1
1 0 1 1 0 1 0 1
1 1 1 0 0 1 1 1
1 1 1 1 0 0 1 1
1 1 0 0 0 0 0 1
0 1 1 1 0 0 0 1
0 1 1 1 0 0 1 1
1 1 1 1 0 0 0 1
0 1 1 0 1 1 1 1
0 1 0 1 1 0 1 1
1 1 1 0 1 0 1 1
0 1 1 1 0 1 0 1
0 1 1 1 1 1 1 1
0 0 0 1 1 1 1 0
1 1 1 1 0 1 0 1
0 1 1 1 1 1 1 1
0 1 0 1 0 1 0 1
1 1 0 1 0 1 0 1
1 1 1 1 0 1 1 1
1 0 1 1 0 1 1 1
0 1 0 1 0 0 1 1
0 1 0 1 1 0 1 0
1 0 1 1 0 1 1 1
0 0 1 1 1 0 1 0
0 1 1 0 0 1 1 1
1 1 1 0 1 0 0 1
1 1 1 1 0 0 0 1
0 0 1 1 1 0 1 1
1 1 1 1 0 0 1 1
0 0 0 1 0 0 1 1
1 1 1 1 0 1 0 1
1 1 1 1 0 1 1 1
0 1 1 1 0 1 0 1
0 1 1 1 1 0 1 1
0 0 0 1 1 1 1 0
1 1 0 1 0 1 1 1
1 1 0 0 0 1 0 1
1 1 0 1 0 0 1 1
1 1 1 0 0 0 1 1
1 0 0 1 0 1 1 1
1 1 1 0 0 0 1 1
1 1 1 1 0 1 1 1
1 0 1 1 0 1 1 1
1 0 1 1 0 1 1 1
1 1 0 0 0 0 1 1
1 1 0 1 1 1 0 1
1 1 1 0 0 0 1 1
0 1 0 1 1 1 1 1
1 1 1 1 1 1 1 1
1 0 0 1 1 1 1 0
0 1 0 0 0 0 0 1
1 1 0 1 1 1 1 1
1 1 1 1 0 1 1 1
0 1 1 1 1 0 1 1
0 1 1 0 0 0 1 1
0 0 0 1 1 1 1 0
1 1 1 1 0 0 1 1
0 1 0 0 0 0 1 1
1 1 1 1 0 0 1 1
1 1 1 1 0 1 1 1
0 1 1 0 0 0 1 1
1 1 1 1 0 0 1 1
0 1 1 1 0 0 0 1
1 1 1 1 0 1 1 1
0 1 1 1 0 0 1 1
0 1 0 1 0 0 1 1
0 1 0 1 0 1 0 1
1 1 0 1 0 0 1 1
0 0 0 1 1 0 0 0
1 1 1 1 1 0 1 1
0 1 1 1 0 0 0 1
1 1 1 1 0 1 1 1
0 0 0 0 1 0 1 0
0 1 1 0 0 0 1 1
1 1 1 1 0 1 1 1
0 1 1 1 0 1 1 1
1 1 1 1 1 0 1 1
1 1 1 1 0 1 1 1
1 1 0 1 1 1 1 0
0 0 0 1 0 1 0 1
0 0 0 1 1 1 1 0
1 1 0 1 0 1 0 1
1 0 0 1 0 1 1 0
0 0 1 1 1 0 1 0
0 0 1 1 0 0 1 1
1 1 1 1 0 0 1 1
1 1 1 1 0 0 1 1
1 1 0 1 0 0 0 1
0 1 1 1 0 1 1 1
1 1 0 1 0 1 1 1
0 0 0 1 0 1 1 1
0 1 1 1 0 0 1 1
0 1 1 1 0 1 1 1
0 1 1 1 1 0 1 1
0 0 0 1 0 1 1 1
0 0 1 1 0 1 0 1
1 1 1 1 0 1 0 1
1 1 1 0 0 1 0 1
1 0 1 1 0 1 1 1
1 1 0 1 0 1 1 1
0 1 1 1 0 0 1 1
1 1 0 1 0 0 1 1
1 0 0 1 0 1 0 1
0 1 0 1 0 1 0 1
0 1 0 1 0 0 0 1
0 1 1 1 1 0 0 1
1 1 1 1 0 1 0 1
1 1 1 1 1 1 1 1
1 1 1 1 1 0 1 1
1 1 1 1 0 0 0 1
1 1 1 1 1 0 1 1
0 1 1 1 1 1 1 1
1 0 1 0 1 0 0 1
1 1 1 1 0 0 0 1
0 0 1 0 0 0 0 1
0 1 1 1 0 1 1 1
1 0 1 0 1 0 1 0
0 1 1 1 0 0 1 1
0 0 0 0 1 0 1 0
0 1 0 0 1 0 1 1
1 1 1 1 0 0 1 1
1 1 1 0 0 0 1 1
1 1 1 1 0 0 1 1
1 1 1 1 0 1 1 1
1 1 1 0 0 1 1 1
1 1 1 1 0 0 1 1
1 1 1 1 1 1 1 1
1 1 1 1 0 1 1 1
0 1 1 1 0 1 1 1
0 1 0 1 1 0 1 1
1 1 1 1 0 0 0 1
0 1 0 0 0 0 0 1
1 1 1 1 0 0 1 1
1 1 1 0 0 0 0 1
0 1 0 1 0 0 1 0
1 1 1 1 0 1 1 1
0 1 1 0 0 0 0 1
1 0 1 0 0 0 0 1
1 1 1 1 0 1 1 1
1 1 1 1 0 1 1 1
1 1 1 1 0 1 1 1
0 1 1 1 0 1 1 1
0 1 1 0 0 0 1 1
0 0 0 1 1 0 1 0
0 1 0 1 1 1 0 1
0 0 1 1 0 1 1 1
0 1 1 1 0 1 1 1
1 1 1 0 0 0 1 1
0 1 1 1 0 0 1 1
1 0 1 1 0 1 1 1
1 1 1 1 0 0 1 1
1 1 0 1 0 0 1 1
1 1 1 1 0 1 1 1
1 1 0 1 0 1 0 1
1 1 1 0 1 0 1 1
1 1 1 1 0 0 1 1
0 1 0 1 0 0 1 1
1 1 0 1 0 0 1 1
0 0 1 0 0 0 1 1
0 0 1 1 1 0 0 1
0 1 1 0 0 0 0 1
0 1 0 1 1 1 1 1
1 0 0 1 0 1 0 1
0 1 1 1 0 0 0 1
0 1 1 1 0 1 1 1
1 1 1 1 0 0 1 1
0 1 0 1 1 0 1 1
0 1 0 1 0 0 0 1
0 0 1 0 1 0 1 1
1 1 1 1 0 0 1 1
0 1 0 1 0 0 0 1
1 1 1 0 1 0 1 1
1 0 0 1 1 0 1 0
0 1 1 0 0 0 0 1
0 1 0 1 1 0 1 1
1 0 0 1 1 1 1 0
1 0 0 1 1 1 1 1
1 1 1 1 0 1 0 1
0 1 1 1 0 0 0 1
0 1 1 1 1 0 1 1
0 1 1 1 1 0 1 1
0 1 1 0 0 0 1 1
0 1 1 1 0 0 1 1
1 1 1 1 0 1 1 1
1 1 0 1 1 0 1 1
1 1 0 1 0 1 0 1
1 0 1 1 0 1 1 1
0 0 1 1 0 0 1 1
0 0 1 0 1 0 1 1
1 0 0 1 0 1 0 0
0 0 1 1 1 0 1 0
0 1 0 0 0 0 0 1
0 1 1 1 0 0 0 1
0 1 1 1 0 1 0 1
0 1 1 1 0 1 0 1
1 1 0 1 0 1 1 1
0 0 1 1 1 1 0 1
0 1 1 1 0 0 1 1
0 1 1 0 0 0 1 1
1 0 1 1 0 1 1 1
1 1 0 1 0 1 0 1
1 1 0 1 0 0 0 1
1 1 1 1 0 0 1 1
0 0 0 1 0 0 0 1
0 1 1 1 1 0 1 1
1 0 0 1 1 0 1 0
1 1 1 0 0 0 1 1
0 0 0 1 1 1 0 0
1 1 1 1 1 1 1 1
0 1 1 0 1 0 1 1
1 1 0 0 1 0 1 1
0 1 1 0 0 0 0 1
1 1 0 1 1 1 1 1
1 0 1 1 0 1 0 1
1 0 0 1 1 1 1 0
1 1 1 1 0 1 1 1
0 1 1 1 1 0 1 1
0 0 1 1 0 0 1 1
1 0 1 1 0 1 1 1
1 1 1 1 0 1 1 1
1 1 1 1 0 1 1 1
1 1 1 1 1 1 1 1
1 1 1 1 0 0 1 1
1 1 1 1 0 0 1 1
1 1 1 1 0 0 1 1
0 1 0 1 1 0 1 1
1 1 1 1 0 1 1 1
0 1 1 1 0 1 1 1
1 1 1 1 0 1 1 1
1 1 1 1 0 0 1 1
0 0 1 1 0 0 0 0
0 0 1 1 1 0 1 0
1 1 1 1 0 1 0 1
0 1 1 1 0 1 1 1
1 1 0 1 1 1 1 0
0 1 1 1 0 0 1 1
1 0 0 0 1 0 0 0
1 1 1 1 0 1 1 1
1 1 1 1 0 0 1 1
1 1 1 1 1 0 1 1
0 0 1 1 0 1 1 1
1 1 0 0 0 0 0 1
1 1 1 1 1 0 0 1
0 1 0 1 0 0 1 1
0 0 1 1 1 1 1 0
1 0 1 1 0 1 1 1
0 1 0 1 0 0 0 1
0 1 0 1 0 0 0 1
1 1 1 1 0 1 0 1
0 1 1 1 0 0 0 1
0 1 1 1 0 0 1 1
1 0 0 1 0 1 1 1
1 1 0 1 1 1 1 1
0 0 0 1 0 1 0 1
1 1 1 0 0 1 0 1
0 0 1 1 1 0 1 0
0 1 1 1 0 0 0 1
0 1 0 1 0 1 0 1
1 0 1 1 0 1 1 1
1 0 0 1 1 1 0 0
1 1 1 1 0 1 1 1
1 1 1 1 0 1 0 1
1 0 1 1 0 0 1 1
1 1 1 1 1 1 1 1
0 1 0 0 1 0 1 1
1 1 0 1 0 1 1 1
0 1 1 1 0 1 1 1
0 1 1 1 0 0 1 1
1 0 1 1 0 1 1 1
1 1 1 1 1 1 1 1
1 0 0 1 0 1 1 0
1 1 0 0 1 0 1 1
1 1 1 1 0 0 1 1
0 1 1 1 0 1 0 1
1 1 0 0 0 0 0 1
0 1 0 1 0 0 0 1
1 1 1 1 1 1 1 1
1 1 1 0 0 0 0 1
0 1 1 0 0 0 1 1
1 1 1 1 1 1 1 1
1 0 0 1 1 1 1 0
0 0 1 1 1 1 1 1
0 1 1 0 0 0 1 1
1 1 0 0 0 0 0 1
0 1 1 0 0 0 0 1
0 1 0 1 0 1 1 1
1 0 0 1 0 1 0 1
0 1 1 0 1 0 1 0
1 1 1 1 0 1 0 1
0 1 1 0 0 0 0 1
0 1 0 0 1 0 1 1
0 1 1 1 0 1 0 1
1 1 1 1 0 1 0 1
1 0 0 1 1 1 0 0
1 1 1 1 1 0 1 1
1 1 1 1 0 1 1 1
0 1 1 0 0 0 1 1
0 1 1 0 0 0 1 1
0 1 1 0 1 0 1 1
1 1 1 1 1 1 1 1
1 1 0 1 1 1 0 1
1 0 0 1 1 1 1 1
1 1 1 1 1 1 1 1
1 0 0 1 1 0 1 0
0 1 0 1 0 0 0 1
1 0 0 1 1 0 1 0
0 1 0 1 0 0 1 1
1 1 1 1 0 1 1 1
0 1 0 1 0 1 0 1
0 1 1 1 0 0 1 1
0 0 1 1 0 1 1 1
1 0 1 0 0 1 0 1
0 1 1 1 1 0 1 1
0 1 1 1 0 1 0 1
0 1 1 1 0 1 0 1
0 1 1 1 0 0 0 1
1 1 1 0 0 1 0 1
1 0 1 1 0 1 1 1
0 1 0 1 0 0 0 1
1 0 1 1 0 1 1 1
0 1 0 1 1 1 1 1
0 1 1 0 0 0 1 1
1 1 1 1 1 0 1 1
1 1 1 1 0 0 1 1
0 1 1 0 0 0 1 1
1 1 0 1 0 1 0 1
1 1 1 1 0 1 1 1
0 1 1 1 0 1 1 1
1 0 1 1 0 0 1 1
0 1 1 1 0 0 1 1
0 1 1 0 1 0 1 1
1 0 1 1 1 1 1 1
0 1 1 1 0 0 1 1
0 0 0 1 0 1 1 1
1 1 0 1 1 1 1 0
0 1 0 1 1 0 1 1
1 0 1 0 1 1 1 0
1 0 1 1 0 0 0 1
1 0 0 1 0 1 0 1
1 1 1 1 0 1 0 1
0 1 1 1 0 0 1 1
0 0 0 1 0 0 1 0
1 1 1 1 0 1 0 1
0 1 1 1 0 0 1 1
0 0 1 1 1 1 1 0
1 0 0 1 1 1 1 0
1 1 1 1 1 1 1 1
1 1 1 1 0 0 0 1
1 0 0 1 1 1 1 1
0 1 0 0 1 0 0 1
1 0 0 1 0 1 1 1
1 1 1 0 1 0 1 1
0 1 0 1 0 1 0 1
0 0 0 1 1 1 1 0
0 1 0 1 0 0 1 1
1 0 1 1 0 1 0 1
1 1 1 0 1 1 0 1
0 1 1 0 0 0 0 1
0 1 0 1 0 1 1 1
1 1 1 1 0 1 1 1
0 1 0 0 0 0 0 1
0 0 0 0 1 0 1 0
0 1 1 1 0 1 1 1
1 1 0 1 0 0 1 1
1 1 1 1 0 1 1 1
0 1 0 1 0 1 1 1
0 1 0 1 1 0 1 1
0 1 0 1 0 1 1 1
0 1 1 0 0 0 1 1
1 1 0 1 1 0 1 1
0 1 0 1 1 1 0 1
1 1 1 0 0 1 1 1
0 1 0 1 1 0 0 1
1 0 1 1 0 1 1 1
1 1 1 1 0 1 0 1
0 1 1 1 0 1 1 1
1 0 1 1 1 0 1 0
0 1 1 0 0 0 1 1
0 1 1 0 0 0 0 1
1 0 1 1 1 1 1 0
0 1 1 1 0 0 0 1
1 1 1 0 0 0 1 1
0 1 0 1 0 1 1 1
0 1 1 0 0 0 1 1
0 1 1 0 1 0 1 1
0 1 0 0 1 0 0 0
1 0 0 1 0 0 1 0
0 1 0 1 0 0 1 1
1 0 0 1 0 1 0 1
0 0 0 1 0 0 1 1
0 1 0 1 1 0 1 1
1 0 0 1 1 1 0 0
0 1 1 1 1 1 1 1
1 1 1 1 0 1 1 1
1 1 0 1 0 0 0 1
0 1 1 1 0 0 0 1
0 1 0 1 0 0 1 1
1 1 1 1 0 1 0 1
1 1 1 1 0 1 0 1
1 1 1 1 0 0 1 1
0 0 1 1 0 0 1 1
0 1 0 1 0 1 0 1
1 1 1 1 0 1 0 1
1 0 1 1 1 1 1 0
0 1 0 0 0 0 0 1
0 0 0 1 1 0 1 0
1 1 1 1 0 0 1 1
1 1 1 1 0 1 1 1
1 1 1 1 0 0 0 1
1 0 1 1 1 1 1 0
1 1 1 1 0 1 1 1
1 0 1 1 0 1 1 1
1 1 1 1 0 0 1 1
1 0 0 1 1 1 1 0
1 1 0 1 1 0 1 1
0 1 1 1 0 0 1 1
0 1 0 0 0 0 0 1
1 1 1 1 0 1 0 1
0 1 1 1 0 1 1 1
1 1 0 1 0 1 1 0
0 1 1 1 0 0 1 1
0 1 0 1 0 0 0 1
0 1 1 0 1 0 1 1
1 0 1 1 0 1 1 1
1 1 0 0 0 0 1 1
0 1 1 0 1 0 1 1
1 0 1 1 0 1 1 1
0 1 1 1 0 1 1 1
0 0 1 1 0 0 0 1
0 1 1 1 0 1 1 1
1 1 0 1 0 1 0 1
0 0 1 1 0 1 1 1
1 1 0 0 0 0 0 1
0 1 0 1 1 1 1 1
0 0 0 1 1 1 1 0
1 1 0 0 0 0 1 1
0 1 0 0 1 0 1 1
1 1 1 1 0 1 0 1
0 1 1 0 1 0 1 1
1 1 0 1 0 1 0 1
1 1 0 1 0 1 1 1
0 0 0 1 1 1 0 0
1 1 1 1 0 0 1 1
1 1 1 1 0 1 1 1
1 1 1 1 0 1 1 1
1 1 0 1 1 0 0 1
1 1 1 1 1 1 1 1
0 0 1 1 1 0 1 1
0 1 1 0 0 0 1 1
0 1 1 1 1 0 1 1
1 1 1 1 0 1 1 1
1 1 1 1 1 1 1 1
0 1 1 1 0 0 1 1
0 0 1 1 0 1 1 1
1 0 1 1 1 1 1 0
0 0 1 1 0 1 1 1
0 0 1 1 1 1 1 1
0 0 1 1 1 0 1 0
1 1 0 0 0 0 1 1
1 1 0 0 0 1 0 1
0 0 1 0 0 0 1 0
0 1 1 0 1 0 1 1
1 1 0 0 0 0 1 1
0 1 1 0 0 0 0 1
1 1 0 1 0 1 1 1
0 0 1 0 1 0 1 0
1 0 1 1 1 1 1 0
1 1 0 1 0 1 1 1
0 0 1 1 1 0 1 0
0 1 1 1 0 1 1 0
0 1 1 0 1 1 1 1
0 1 0 1 1 0 1 1
1 1 1 1 0 1 0 1
0 0 1 1 0 0 1 1
0 1 0 1 1 0 1 1
1 1 1 0 0 0 1 1
0 1 1 1 0 1 1 1
1 1 1 1 1 1 1 1
1 0 0 1 0 1 1 0
1 0 1 1 0 1 1 1
1 0 0 1 1 1 1 0
1 1 1 1 1 1 1 1
1 1 1 1 0 0 1 1
0 1 0 1 0 1 1 1
0 1 0 0 0 0 1 1
1 0 0 1 0 1 1 1
0 1 1 1 0 1 1 1
1 1 1 1 0 0 1 1
0 0 0 0 1 0 1 0
0 1 1 0 1 0 1 1
1 1 0 1 0 1 0 1
1 1 1 1 1 0 1 1
1 1 1 1 0 1 0 1
0 1 1 1 0 1 1 1
1 0 0 1 0 1 0 1
0 1 1 1 1 0 1 1
1 1 1 1 0 1 1 1
1 0 1 1 0 1 1 1
1 1 1 1 1 1 1 1
1 1 1 1 0 1 0 1
1 1 1 1 0 0 1 1
0 0 0 0 0 0 0 1
1 1 1 0 1 1 1 1
0 0 0 1 0 1 1 0
1 1 1 1 1 1 1 1
0 1 1 1 0 0 0 1
0 1 1 1 0 1 0 1
1 1 1 0 0 0 1 1
0 1 0 1 0 0 0 1
0 1 1 1 1 0 1 1
0 1 1 1 1 1 1 1
0 1 1 1 0 1 1 1
0 0 0 1 0 0 1 0
1 1 1 1 0 0 1 1
1 0 1 1 1 1 1 0
0 0 0 1 0 0 0 0
0 0 1 1 1 1 1 1
0 1 0 1 0 0 0 1
1 0 0 1 0 1 1 0
0 1 1 0 0 0 1 1
1 0 0 1 0 1 0 1
0 1 1 1 0 0 1 1
0 1 0 1 0 1 1 1
0 0 0 1 1 1 0 0
0 0 1 1 0 1 0 1
1 1 0 1 0 0 1 1
0 1 0 1 0 0 1 1
1 1 1 0 0 0 1 1
0 1 1 1 0 1 1 1
1 0 0 1 1 1 1 0
1 0 1 1 1 1 1 0
0 1 0 1 0 0 1 1
1 0 0 1 0 1 0 0
0 0 1 1 0 0 1 1
1 1 1 0 0 0 1 1
1 1 0 1 0 0 0 1
1 0 0 1 0 0 1 1
1 0 0 1 0 1 1 0
0 1 0 0 0 0 0 1
1 1 0 1 1 1 1 1
0 0 1 1 0 0 1 1
1 1 1 1 0 0 1 1
1 1 1 1 0 1 0 1
0 1 0 1 1 0 1 1
0 1 1 1 0 0 1 1
1 1 1 1 0 0 1 1
1 1 1 0 1 0 1 1
0 1 1 1 1 0 1 1
0 0 1 1 0 0 1 1
0 1 1 1 0 0 1 1
1 1 1 1 0 1 1 1
1 1 1 0 0 0 0 1
1 1 1 1 0 0 1 1
1 0 0 1 0 1 1 1
0 0 0 0 0 0 0 0
1 1 1 1 0 1 0 1
0 1 1 1 0 1 0 1
0 1 1 1 1 0 1 0
1 1 1 1 0 1 0 1
0 1 0 1 0 1 0 1
0 0 1 1 0 1 0 1
1 1 1 1 0 1 1 1
1 1 1 1 0 1 0 1
0 1 1 1 1 1 1 1
0 1 1 1 0 0 1 1
1 1 1 1 0 0 1 1
0 1 1 1 0 0 1 1
0 1 1 1 0 0 1 1
0 1 1 1 0 0 1 1
0 1 1 1 1 0 1 1
1 0 1 1 0 1 0 1
1 1 0 0 0 0 1 1
0 1 1 1 0 1 1 1
1 1 1 0 1 0 1 1
0 1 0 1 0 0 0 1
0 1 1 1 0 0 1 1
0 1 0 1 0 0 1 1
0 1 0 1 1 0 1 1
1 1 0 1 0 1 1 1
0 1 1 1 0 0 1 1
1 1 1 1 1 0 1 1
1 1 0 1 0 1 1 1
1 0 0 1 1 1 0 0
0 0 0 0 1 0 1 0
1 0 1 1 1 1 1 0
0 0 1 1 1 0 1 1
0 1 0 1 0 0 0 1
1 1 1 1 0 0 1 1
0 1 1 1 0 1 1 1
0 1 0 1 1 0 1 1
0 0 1 1 0 1 1 1
1 1 1 0 0 0 0 1
1 1 1 1 1 1 1 1
1 1 1 0 1 0 1 1
0 1 1 1 0 1 1 1
0 0 1 1 0 0 0 1
1 1 1 1 1 1 1 1
1 1 1 0 1 0 1 1
1 1 0 1 0 0 0 1
0 0 0 1 1 0 1 0
0 1 1 1 0 0 1 1
0 1 1 0 0 0 1 1
1 1 1 0 0 1 0 1
1 1 1 1 0 1 1 1
1 0 1 1 0 1 1 1
1 1 0 1 0 1 1 1
0 1 0 1 1 1 1 1
0 1 1 1 1 0 1 1
1 0 1 1 0 0 1 1
0 0 1 1 1 1 0 1
0 0 1 1 0 1 1 1
0 1 1 1 1 0 1 1
1 1 1 1 1 1 1 1
0 0 1 0 0 0 1 1
1 1 0 1 0 1 0 1
1 1 0 1 1 0 0 1
1 0 1 0 1 0 1 1
1 1 1 1 0 0 1 1
1 1 0 1 0 0 1 1
1 1 1 1 0 1 1 1
1 1 1 1 1 1 1 1
1 1 0 0 0 1 1 1
1 0 1 1 0 1 1 0
1 1 1 1 1 1 1 1
0 0 0 1 1 0 1 0
0 1 0 1 0 0 0 1
0 1 1 1 1 0 1 1
1 1 1 1 0 0 1 1
1 0 1 1 0 1 1 1
1 1 1 1 0 1 1 1
1 0 0 1 0 1 1 0
0 1 1 1 1 0 1 1
0 1 0 1 0 0 1 1
0 1 1 1 0 0 1 1
1 1 0 1 0 0 1 1
0 1 1 0 1 0 1 1
1 1 0 1 0 0 0 1
0 1 0 1 0 0 1 1
0 1 1 0 1 0 1 1
1 0 1 1 0 1 1 1
1 1 1 0 0 0 0 1
1 1 1 0 1 1 1 1
0 1 1 1 0 0 1 1
0 0 1 1 0 0 1 0
1 0 0 0 1 1 1 1
0 0 1 1 1 1 1 0
0 1 1 1 0 0 1 1
1 1 1 1 0 1 1 1
0 1 1 1 1 1 1 1
1 0 1 1 0 1 1 1
1 0 0 1 1 0 1 0
1 1 0 0 0 0 1 1
1 1 1 1 1 1 0 1
0 1 0 1 0 1 0 1
1 1 0 0 0 0 0 1
1 0 0 1 1 1 0 0
0 1 0 1 0 0 1 1
1 1 1 1 0 1 1 1
1 0 1 0 0 1 1 1
1 0 1 1 0 1 1 1
0 1 1 0 0 0 1 1
0 0 0 1 0 1 0 1
0 1 0 1 0 0 0 1
0 1 1 1 0 1 1 1
0 1 0 1 0 0 0 1
1 0 0 1 0 1 1 0
1 1 0 1 1 1 0 1
0 1 1 1 0 0 1 1
1 0 1 1 0 1 1 1
1 1 1 0 1 0 1 1
0 1 0 1 0 0 0 1
1 1 0 1 0 1 0 1
1 0 0 1 0 0 1 0
1 1 0 1 0 0 1 1
1 1 1 1 0 0 1 1
1 1 1 1 1 0 0 1
1 1 0 0 0 0 1 1
1 1 0 0 1 0 1 0
1 1 1 1 0 0 1 1
1 0 1 1 1 0 1 0
1 1 0 1 0 1 0 1
0 1 1 1 0 0 0 1
0 1 1 1 0 0 1 1
0 0 1 1 1 0 1 0
0 1 1 1 0 1 1 1
1 1 1 1 0 0 1 1
0 1 1 0 0 0 1 1
0 1 0 1 0 1 1 1
0 0 0 1 0 1 1 1
1 1 0 0 0 0 1 1
1 1 1 1 0 1 0 1
1 1 1 1 1 1 1 1
1 1 1 0 0 0 1 1
0 1 1 1 0 0 1 1
0 1 1 1 0 0 1 1
1 1 0 1 1 1 1 1
1 1 1 0 1 0 0 1
1 0 1 1 1 0 1 1
0 0 1 0 1 0 1 0
0 1 0 0 0 0 0 1
1 1 1 1 0 0 1 1
0 1 1 1 0 0 1 1
1 1 1 0 1 0 1 1
0 1 1 1 1 0 1 1
1 1 0 1 1 0 0 1
0 1 0 1 0 0 0 1
0 1 0 1 1 1 1 1
0 1 1 1 1 1 1 1
1 1 0 0 1 1 0 1
0 0 1 1 1 1 0 0
0 1 0 1 1 1 1 0
0 1 1 1 0 0 1 1
0 1 1 1 1 0 1 1
1 1 1 1 0 0 1 1
1 1 1 1 0 1 1 1
1 1 1 1 0 0 1 1
0 1 1 1 0 1 1 1
0 1 1 1 0 0 1 1
1 1 1 1 0 0 1 1
0 1 1 1 0 0 0 1
0 1 0 1 1 0 0 1
0 1 0 1 1 0 1 1
1 1 1 0 0 0 1 1
0 0 0 0 0 1 0 1
1 1 1 1 1 1 1 1
1 1 0 1 0 1 1 1
1 1 1 0 1 1 1 1
1 1 1 0 0 0 1 1
0 1 1 1 1 0 1 1
1 1 0 1 0 1 1 1
1 0 1 1 0 1 1 1
1 1 0 1 1 1 0 1
1 1 1 0 0 1 1 1
0 1 1 1 0 1 0 1
0 1 1 1 0 1 1 1
0 1 1 1 1 1 1 1
1 1 1 1 0 0 1 1
1 1 1 1 1 0 1 1
0 1 1 1 0 1 1 1
1 0 1 0 1 1 1 0
0 1 1 1 0 0 1 1
0 0 0 1 1 0 1 0
1 1 1 1 1 1 1 1
1 1 0 1 0 1 1 1
0 0 0 0 0 0 0 1
1 1 1 1 1 1 0 1
1 1 1 0 0 1 0 1
1 1 0 1 0 0 1 1
1 1 0 1 0 0 1 1
0 1 1 1 0 0 1 1
1 1 1 0 0 0 1 1
1 1 0 1 1 0 0 0
1 1 1 1 0 0 1 1
0 1 1 1 1 1 1 1
1 1 1 1 0 0 0 1
0 0 0 1 1 1 0 0
0 0 1 1 0 0 1 1
0 0 0 0 1 0 1 1
1 1 1 0 1 0 1 0
1 1 1 1 0 0 0 1
1 1 1 0 0 0 1 1
1 1 1 1 0 0 1 1
1 1 0 1 0 0 1 1
0 1 1 0 0 0 1 1
1 1 1 1 0 0 1 1
0 1 1 1 0 0 1 1
0 1 1 0 1 0 0 1
0 1 1 1 0 1 1 1
0 0 0 0 0 1 0 1
0 0 1 1 1 1 1 1
1 1 1 1 1 1 1 1
0 1 1 1 0 0 1 1
0 0 1 1 0 0 1 1
1 1 1 1 0 1 1 1
1 1 1 1 0 1 1 1
1 1 0 0 0 0 1 1
1 1 1 1 0 0 0 1
1 0 1 1 0 1 1 1
0 1 1 1 1 0 1 1
0 0 0 1 1 1 0 0
1 0 0 1 1 1 1 1
0 0 1 1 1 1 1 1
0 0 1 1 1 1 1 0
1 0 0 1 0 1 0 0
0 1 1 1 0 1 1 1
1 1 1 1 1 0 1 1
0 1 1 0 0 0 1 1
0 1 0 1 0 0 1 1
0 1 1 0 1 0 1 1
1 0 1 1 0 0 0 1
0 0 1 1 0 1 1 1
0 0 1 1 1 0 1 1
0 0 1 1 0 0 1 1
1 1 1 1 1 0 1 1
1 1 0 1 0 1 0 1
1 0 0 1 1 1 1 0
1 1 0 1 0 1 0 1
1 1 0 1 1 1 1 1
1 0 1 1 0 0 1 0
1 1 0 0 0 0 0 1
0 0 1 1 1 1 1 1
0 1 0 1 1 0 1 0
1 1 0 1 0 1 1 1
0 1 0 1 0 0 0 1
1 1 1 1 0 1 1 1
1 0 1 1 0 0 1 1
1 1 0 1 1 0 1 1
0 1 1 1 0 0 1 1
0 0 1 1 0 1 0 1
0 0 0 1 0 1 0 0
1 1 1 1 1 1 1 1
1 1 1 1 0 1 1 1
1 1 0 1 0 1 0 1
0 0 0 0 1 0 1 0
0 0 0 0 0 0 1 0
1 1 1 1 0 1 0 1
0 1 0 1 0 1 1 1
0 1 1 0 1 0 1 1
0 1 1 1 0 0 1 1
1 1 1 1 0 1 0 1
0 1 1 1 0 0 1 1
1 1 0 1 0 1 0 1
1 1 1 1 1 0 1 1
1 1 0 1 1 0 1 0
1 0 0 1 1 1 1 1
0 1 0 1 1 1 0 1
0 0 0 1 1 0 1 0
0 1 0 1 0 1 1 1
0 1 1 1 0 0 1 1
0 1 1 1 0 1 1 1
0 1 1 1 0 0 1 1
0 1 1 0 0 0 1 1
1 1 1 0 1 1 1 1
1 0 1 1 0 1 1 1
0 1 0 1 0 1 1 1
0 1 0 0 0 0 0 1
0 1 0 1 0 0 1 1
1 1 1 1 1 1 1 1
0 1 1 1 0 1 1 1
0 1 1 0 0 0 1 1
0 1 1 1 0 0 1 1
1 1 0 1 0 1 0 1
0 1 1 1 0 0 1 1
0 0 0 0 1 0 1 1
0 0 1 1 0 1 1 1
1 1 1 1 0 1 1 1
0 1 1 0 0 0 1 1
1 1 1 1 0 1 0 1
0 1 1 0 0 0 0 1
0 1 0 1 1 1 1 1
1 0 1 1 1 1 0 1
1 1 1 0 1 0 1 1
1 1 1 1 0 0 1 1
1 1 1 1 1 1 1 1
1 1 0 0 0 0 0 1
0 1 1 0 0 0 1 1
0 1 1 0 0 0 1 1
1 0 1 1 0 1 1 1
1 1 0 1 0 1 1 1
0 0 1 1 0 1 1 1
0 1 1 1 0 0 0 1
1 0 1 1 0 0 1 1
1 1 1 1 1 0 1 1
0 1 0 0 0 0 0 1
1 1 0 0 0 0 1 1
1 1 1 0 1 0 1 1
0 1 1 1 0 0 1 1
1 1 1 1 1 1 1 1
0 1 0 1 0 1 1 1
0 1 0 1 0 1 1 1
0 0 0 1 0 0 1 1
0 0 1 1 1 0 1 1
0 1 1 1 0 0 0 1
0 0 0 1 1 0 0 0
0 1 1 1 0 1 1 1
1 1 1 1 0 1 1 1
0 1 1 1 0 0 0 1
0 1 0 1 0 1 1 1
0 1 1 1 0 0 0 1
1 1 1 1 0 1 1 1
1 1 1 1 0 0 1 1
1 0 0 1 1 1 1 0
1 1 1 1 0 1 0 1
0 1 1 1 1 0 1 1
0 1 1 1 0 0 0 1
0 0 0 1 1 0 0 1
0 1 0 0 1 0 0 0
0 1 1 1 0 1 1 1
0 1 1 1 0 1 1 1
1 1 0 1 0 1 1 1
0 0 1 1 1 1 1 0
0 0 1 1 1 0 1 1
1 1 1 0 0 0 1 1
1 1 1 1 0 1 1 1
0 0 0 0 1 0 1 0
1 1 0 1 0 0 1 1
1 1 1 1 0 0 0 1
0 1 1 0 0 0 1 1
1 1 0 1 0 0 1 1
0 1 1 1 0 1 1 1
0 1 1 1 0 0 0 1
0 0 1 0 0 0 1 1
1 1 1 0 0 0 1 1
0 1 1 1 0 0 1 1
0 1 1 1 1 1 1 1
0 0 1 1 0 0 1 1
0 0 0 1 1 1 1 0
0 0 1 1 1 0 1 0
0 0 0 0 1 0 1 0
1 1 0 1 0 0 0 1
1 1 1 1 0 1 1 1
0 1 1 0 0 0 1 1
1 1 0 1 0 0 1 1
1 1 1 1 0 1 1 1
1 1 0 1 0 1 1 0
1 1 1 1 1 1 1 1
1 1 1 0 0 0 1 1
0 0 1 0 0 0 0 1
0 1 1 0 1 0 1 1
1 1 0 1 0 0 1 1
1 1 1 1 0 1 1 1
0 0 0 1 1 1 1 0
1 0 1 1 0 1 0 1
0 1 1 0 0 0 1 1
1 1 1 1 0 0 1 1
0 1 1 1 1 1 1 1
0 1 1 1 1 1 1 1
1 1 1 1 0 0 1 1
0 1 1 1 0 0 1 1
1 0 0 1 1 1 0 1
1 0 0 1 1 1 1 0
0 1 1 1 0 0 1 1
1 1 0 1 0 0 1 1
0 0 1 1 0 1 1 1
0 1 1 0 0 0 1 1
1 1 1 1 0 0 1 1
1 0 1 1 0 1 1 1
0 0 1 1 1 0 1 0
0 1 1 1 1 1 1 1
1 1 1 1 1 1 0 1
1 1 0 0 0 0 1 1
0 1 0 1 0 1 0 1
1 1 1 0 0 0 0 1
0 1 0 1 0 0 0 1
1 1 1 1 1 0 1 1
0 1 0 1 0 0 1 1
1 1 0 1 0 1 1 1
1 0 0 1 0 1 0 1
1 1 1 0 0 0 1 1
0 1 1 1 0 1 1 1
1 1 1 0 1 0 1 1
0 1 1 1 1 0 1 1
0 0 0 1 1 1 1 0
1 1 1 1 0 1 1 1
0 1 1 1 1 1 1 1
0 0 1 0 0 0 0 0
1 1 1 1 0 1 0 1
1 1 0 1 0 1 1 1
1 1 1 1 0 1 1 1
1 1 1 1 0 1 1 1
1 1 0 1 0 1 1 1
1 1 1 0 0 0 1 1
0 1 0 0 1 0 1 0
0 0 0 0 1 0 0 0
1 1 0 1 0 0 0 1
1 1 0 1 0 0 1 1
1 1 1 0 0 0 1 1
0 1 1 0 0 0 1 1
1 1 0 1 0 1 0 1
1 1 0 1 0 1 1 1
1 1 1 1 0 0 1 1
0 1 0 1 1 1 0 0
0 1 1 1 0 0 1 1
0 1 1 1 0 0 1 1
0 1 1 1 0 1 1 1
1 1 0 1 0 1 0 1
1 1 1 0 1 0 1 1
0 1 1 1 0 0 0 1
0 0 1 1 1 1 1 0
0 1 1 1 0 0 1 1
0 1 1 1 0 1 1 1
0 1 0 1 1 1 1 1
0 1 1 1 0 0 1 1
0 0 0 1 1 1 0 0
0 1 0 1 0 0 0 1
1 1 1 1 0 1 1 1
0 1 1 1 0 0 1 1
0 0 0 1 0 1 1 0
0 1 1 1 0 1 1 1
1 0 0 1 1 1 0 0
0 0 1 1 0 1 0 1
1 1 1 1 0 0 1 1
0 1 1 0 0 0 1 1
0 1 1 1 1 1 1 1
1 1 1 1 0 1 1 1
0 1 0 0 0 0 1 1
1 1 1 0 0 0 0 1
0 1 1 0 0 0 0 1
1 1 1 1 0 1 1 1
1 0 1 1 1 1 1 1
1 1 1 1 0 0 1 1
1 1 1 0 1 0 1 0
1 1 0 0 1 0 1 1
1 1 1 0 0 0 1 1
1 1 0 0 0 1 1 1
1 0 0 1 0 1 0 1
0 1 1 1 0 0 1 1
0 1 1 0 0 0 1 1
0 1 1 1 0 0 1 1
0 1 1 1 0 0 0 1
1 1 1 1 0 1 1 1
1 0 0 1 1 1 1 0
0 0 1 1 0 1 1 1
0 1 0 1 0 0 1 1
1 1 0 0 1 0 0 1
0 0 1 1 0 1 0 1
0 1 0 1 1 1 1 1
1 0 0 0 0 1 1 0
1 1 1 0 0 1 1 1
0 1 0 1 0 1 1 1
1 1 1 1 0 0 1 1
1 0 0 1 0 1 1 1
0 1 0 0 0 0 0 1
1 1 1 0 1 1 1 1
0 1 1 1 1 0 1 1
1 1 1 1 0 0 1 1
1 1 0 1 0 1 0 1
0 0 0 1 0 0 1 1
1 0 0 1 1 0 1 0
1 1 0 1 0 1 1 1
0 0 0 1 1 0 1 0
0 1 1 1 1 0 1 1
1 1 0 0 0 0 0 1
1 1 0 0 0 0 0 1
0 1 0 1 1 0 1 0
0 1 1 1 0 1 1 1
0 1 0 1 1 1 1 1
0 0 1 1 1 0 1 1
0 1 1 0 0 0 1 1
0 1 1 1 0 0 1 1
0 1 1 1 0 1 1 1
1 1 0 1 1 1 1 1
0 1 1 0 1 0 1 1
1 0 1 1 0 1 1 1
0 1 0 1 1 0 1 1
0 0 1 0 0 0 1 1
0 1 0 1 0 0 1 1
0 0 0 1 1 0 0 0
1 1 1 1 0 1 1 1
0 0 1 0 0 0 1 1
0 0 1 1 0 1 1 1
0 1 0 1 0 0 1 1
0 1 1 1 0 0 1 1
0 1 1 1 1 0 1 1