8 5000
A 	B C D E F G H
1 1 0 1 1 0 1 0
1 1 0 1 0 0 1 1
0 1 1 1 0 0 1 1
1 0 1 1 1 1 1 0
0 1 0 1 1 0 1 1
1 0 1 1 1 1 1 1
1 1 1 0 0 0 0 1
0 0 0 1 1 1 0 0
1 0 1 1 0 1 1 1
H1 1 1 1 0 0 1 1
0 1 0 1 0 0 0 1
0 0 0 1 0 1 1 0
1 1 1 1 1 1 1 1
1 0 1 1 0 0 1 1
1 1 1 1 0 1 1 1
0 1 0 1 0 0 0 1
1 0 H2 1 0 1 1 1
0 1 1 1 0 0 1 1
0 0 0 1 0 1 0 0
0 1 1 1 0 0 1 1
0 1 1 1 1 0 1 1
1 1 0 1 0 1 1 1
0 1 1 1 0 0 1 1
0 1 1 1 0 0 1 1
1 1 0 1 0 1 1 1
1 1 1 1 0 1 1 1
1 1 0 1 0 0 0 1
0 1 1 1 1 1 1 1
0 1 1 1 0 0 1 1
1 1 1 1 0 1 1 1
0 1 1 1 0 1 1 1
1 1 1 1 0 0 1 1
0 1 1 0 1 0 1 1
1 1 1 1 0 0 1 1
1 0 1 1 0 1 1 1
1 1 1 0 0 0 1 1
0 1 0 1 0 1 0 1
0 1 1 1 0 1 1 1
0 1 1 0 1 0 1 1
0 1 1 1 0 0 1 1
1 1 1 0 0 0 1 1
0 1 1 1 1 0 1 1
1 0 0 1 0 1 0 1
0 1 1 0 0 0 0 1
0 1 0 0 1 0 1 0
0 1 1 1 1 0 1 1
0 1 0 1 1 0 0 1
0 1 0 0 0 0 0 1
1 1 0 1 0 0 1 1
0 1 0 1 0 1 1 1
1 0 1 0 0 1 1 1
1 1 0 0 0 0 0 1
0 1 1 1 0 0 1 1
1 0 0 1 1 0 1 0
1 1 1 0 1 1 0 1
1 0 0 1 0 1 0 1
1 1 1 1 1 1 1 1
0 0 1 0 0 0 1 1
0 1 1 0 0 0 1 1
1 0 1 1 0 0 1 1
1 0 1 0 0 0 1 0
1 1 0 1 0 1 1 1
0 0 1 1 0 1 1 1
1 0 0 1 1 0 1 0
1 0 0 1 H3 1 0 0
1 1 0 1 0 1 0 0
1 0 1 1 0 1 1 1
1 1 1 1 0 1 1 1
1 1 1 1 0 1 1 1
1 1 1 1 0 1 1 1
1 0 1 0 1 1 1 1
1 0 1 1 0 1 1 1
0 1 1 1 0 0 0 1
1 1 1 1 0 0 1 1
1 1 1 1 0 0 0 1
1 1 1 1 0 1 1 1
1 0 0 1 1 0 0 0
1 1 1 0 1 0 1 1
0 1 1 0 1 0 1 1
1 0 0 1 1 1 1 1
0 1 0 1 0 0 0 1
1 1 1 1 0 1 1 1
0 0 0 1 1 1 1 1
0 1 0 1 0 0 1 1
1 1 1 0 0 0 0 1
0 1 1 1 0 1 1 1
0 0 0 H4 1 1 1 0
0 1 1 1 0 0 1 1
0 0 0 1 1 0 1 1
0 0 1 1 1 0 1 0
0 1 0 1 0 0 1 1
0 1 1 1 0 0 1 1
1 0 1 1 1 1 1 1
0 1 0 1 0 0 1 1
0 1 0 1 0 0 1 1
0 0 1 1 1 1 1 0
0 1 1 1 0 0 1 1
0 1 1 1 1 0 1 0
1 1 1 1 1 0 1 1
0 1 0 1 0 0 0 1
1 0 1 1 1 1 1 1
1 1 0 1 0 0 1 1
1 1 1 1 0 1 1 1
1 0 0 0 1 0 1 0
1 1 1 1 0 1 1 1
0 1 1 1 1 0 0 1
0 1 1 0 1 0 0 1
1 1 1 1 1 1 1 1
1 1 1 1 0 1 1 1
0 1 1 1 0 0 0 1
1 1 0 0 0 0 1 1
1 0 1 1 0 1 1 1
1 0 1 1 0 1 1 1
1 0 1 0 1 0 1 0
1 1 0 0 1 0 1 1
1 1 1 1 0 1 0 1
1 1 0 0 0 0 1 1
0 1 0 0 0 0 1 1
1 1 1 1 1 1 1 1
1 1 0 1 0 1 1 1
0 1 1 1 1 0 1 1
0 0 1 1 0 0 1 1
1 1 1 1 0 0 1 1
0 1 0 1 1 1 1 1
0 1 1 1 0 1 0 1
0 1 1 1 0 0 1 1
1 1 0 1 0 1 0 1
1 0 1 0 0 1 1 1
0 0 1 1 0 1 1 1
0 1 1 1 1 0 1 1
1 1 1 1 0 1 1 1
1 1 1 1 1 1 1 1
0 1 0 1 0 0 1 1
1 0 1 1 0 1 0 1
0 0 1 1 0 1 1 1
0 1 1 0 1 0 1 1
1 1 1 1 1 0 1 1
0 1 1 1 1 1 1 1
1 1 1 1 0 0 1 1
0 0 0 1 0 0 0 1
0 1 1 0 0 0 1 1
1 1 1 1 1 1 1 1
1 0 0 1 1 1 1 1
1 0 1 0 1 0 1 1
0 1 1 1 0 1 1 1
1 1 1 0 0 0 1 1
0 1 1 0 0 0 1 1
1 1 0 1 1 1 1 1
1 1 0 1 0 0 0 1
0 1 1 0 0 0 1 1
0 1 1 1 0 1 1 1
1 1 1 0 0 0 1 1
1 1 1 0 1 0 1 1
1 1 1 1 0 1 1 1
0 1 1 1 0 0 1 1
1 1 0 1 0 1 0 1
0 0 1 1 0 1 1 1
1 0 1 0 1 0 1 0
1 1 1 0 0 0 1 1
0 1 0 0 1 0 0 1
0 0 1 1 0 0 1 1
1 0 0 1 1 0 0 0
1 1 1 1 1 0 1 1
1 0 0 1 1 0 0 0
1 1 0 1 0 0 1 1
0 0 0 1 0 0 1 0
1 1 1 0 0 H5 0 1
0 0 1 1 1 1 1 0
0 1 0 1 0 1 1 1
0 0 0 1 0 1 0 1
0 0 0 1 1 1 1 0
1 0 1 0 0 0 1 1
0 1 1 1 0 0 1 1
1 1 1 0 0 0 1 1
1 0 0 1 0 1 1 1
0 1 0 1 0 0 1 1
1 1 1 1 1 1 1 1
1 1 0 1 1 0 1 1
0 1 1 1 0 0 0 1
1 1 1 1 0 0 1 1
1 1 1 1 0 0 1 1
0 1 0 1 0 0 0 1
0 1 1 1 1 1 1 1
1 0 1 1 1 0 1 0
1 1 1 1 1 1 1 1
1 1 0 1 1 1 0 1
0 0 0 1 1 1 1 0
1 1 1 1 0 0 1 1
0 0 0 1 1 1 1 0
1 0 1 1 1 0 1 0
1 1 0 1 0 0 0 0
1 1 1 0 0 0 1 1
0 1 1 1 0 0 1 1
1 0 0 1 1 0 1 0
1 1 1 1 0 0 0 1
1 0 1 1 1 1 1 1
1 1 1 1 0 1 1 1
0 0 1 0 0 0 1 1
0 1 1 0 1 0 1 1
1 1 0 1 0 1 0 1
1 1 1 0 0 0 1 1
1 1 1 0 0 0 1 1
1 1 1 1 0 0 1 1
1 1 1 1 0 1 0 1
0 1 0 1 0 0 1 1
0 1 1 1 0 0 1 1
1 1 1 1 0 1 H6 1
1 1 1 1 0 0 1 1
1 0 0 1 0 1 1 0
0 0 1 1 0 1 1 1
0 1 1 1 0 0 1 1
1 1 1 0 1 0 1 1
1 0 0 0 0 1 0 1
1 1 0 1 0 1 1 1
0 0 1 1 0 1 0 1
1 1 1 1 0 1 1 1
0 0 0 0 1 0 0 0
0 1 0 1 1 0 1 1
0 1 1 0 1 0 1 1
1 1 1 1 0 1 1 1
0 1 0 1 0 0 0 1
0 1 1 1 0 0 1 1
1 1 0 1 1 1 1 1
0 1 1 1 1 1 1 1
0 0 1 1 0 1 1 1
1 0 1 1 1 0 1 0
0 1 1 1 0 1 0 1
0 1 1 1 0 0 0 1
1 1 0 1 1 1 1 1
1 1 0 1 0 0 1 1
1 0 1 1 1 1 1 0
0 0 1 1 0 1 1 1
1 1 0 1 0 0 1 1
1 1 0 0 0 0 1 1
1 1 1 1 1 0 1 1
1 1 1 1 0 1 0 1
0 0 0 1 1 1 1 0
1 0 0 1 1 1 1 1
0 1 0 0 1 0 1 0
0 1 1 1 0 1 1 1
0 0 0 1 1 1 1 0
0 0 1 1 1 0 1 0
0 1 0 1 0 1 1 1
1 1 1 0 0 0 1 1
1 0 0 1 0 0 0 1
0 1 1 1 0 0 1 1
1 0 1 1 0 1 1 1
1 1 0 1 0 1 0 1
1 0 1 0 1 0 1 0
0 1 0 1 0 0 1 1
1 0 1 1 0 1 1 1
0 0 1 1 1 0 1 1
1 0 1 1 1 0 1 0
1 1 1 1 0 0 1 1
1 0 0 1 1 1 1 0
0 0 1 1 0 1 1 1
0 1 0 1 1 0 0 1
1 1 1 1 1 1 1 1
1 1 1 1 0 1 0 1
1 1 1 1 1 1 1 1
1 1 0 1 0 1 1 1
1 1 1 1 0 0 1 1
0 1 1 0 0 0 1 H7
1 0 1 1 1 0 1 0
1 1 1 1 0 1 1 1
1 0 0 1 1 1 1 0
1 0 0 1 1 1 0 0
1 1 1 1 0 1 0 1
0 1 1 1 1 1 1 1
1 0 0 1 0 0 1 0
0 0 1 1 0 1 0 1
0 1 1 1 0 0 0 1
0 1 1 1 0 1 1 1
1 1 0 1 1 1 1 1
0 1 1 0 0 0 1 1
1 1 1 1 1 0 1 1
0 1 0 1 0 0 1 1
0 1 1 1 0 0 1 1
1 0 1 1 1 0 1 1
0 0 0 1 1 0 0 0
1 1 1 0 0 1 0 1
0 1 0 1 0 1 0 1
1 1 1 1 1 1 1 1
1 1 0 1 1 0 0 0
1 1 0 0 0 0 0 1
1 1 0 1 1 1 1 1
0 1 0 0 0 0 0 1
1 1 0 0 0 0 0 1
0 1 1 1 0 1 1 1
1 1 1 1 0 0 0 1
1 1 1 0 1 0 1 1
0 1 1 1 0 1 1 1
1 1 0 0 0 0 1 1
1 1 1 1 1 1 0 1
0 1 1 0 0 0 1 1
0 1 1 0 0 0 0 1
0 0 0 1 1 0 0 0
1 1 1 1 0 1 1 1
0 1 0 1 0 1 0 1
1 1 0 0 1 0 1 0
0 1 0 1 0 0 1 1
0 1 1 H8 0 0 1 1
1 1 1 1 0 0 1 1
0 1 0 1 0 0 0 1
1 0 0 0 1 0 0 0
0 0 1 0 0 0 0 1
1 1 0 0 0 0 0 1
1 0 0 1 0 1 1 1
1 0 1 1 0 1 1 0
0 0 1 1 0 1 1 1
1 1 0 0 1 0 1 1
0 0 1 1 1 0 1 1
0 0 1 1 1 0 1 1
1 1 1 1 0 0 1 1
0 1 1 1 0 0 1 1
1 1 1 H9 1 0 1 1
0 0 0 1 1 1 1 0
0 0 1 1 0 1 1 1
0 1 0 0 0 0 0 1
1 0 1 1 1 1 0 0
1 0 1 1 1 0 1 1
0 1 0 1 1 0 1 0
0 1 1 0 0 0 0 1
1 1 1 1 0 0 1 1
1 0 0 1 0 1 1 0
1 1 0 1 0 0 1 1
1 0 1 1 1 1 1 0
0 1 1 0 0 0 1 1
0 1 1 1 0 1 1 1
0 1 1 1 1 0 1 1
0 1 1 0 0 0 0 1
0 1 0 1 0 1 1 1
0 1 1 1 0 0 1 1
1 1 1 1 0 0 1 1
1 0 0 1 1 0 1 0
1 1 1 1 0 1 1 1
1 1 1 1 0 1 1 1
0 1 1 1 1 1 1 1
0 1 1 1 0 0 1 1
0 1 1 0 0 0 1 1
1 1 1 1 0 0 1 1
0 1 1 1 0 0 1 1
1 1 1 1 0 1 1 1
0 0 0 1 0 1 0 0
1 1 1 1 0 0 1 1
1 0 1 1 0 1 1 1
1 1 1 1 0 0 1 1
1 1 0 1 0 1 1 1
0 1 0 1 0 0 0 1
1 1 1 1 0 0 1 1
1 1 1 1 0 1 0 1
0 1 0 0 1 0 1 1
0 0 1 1 0 0 1 1
1 1 0 1 0 1 1 1
1 1 1 1 0 1 1 1
1 0 1 1 1 1 1 0
0 0 0 1 0 1 1 1
1 1 1 1 0 1 1 1
1 1 1 1 0 0 1 H10
1 1 1 1 1 1 1 1
0 1 0 1 1 1 0 1
1 1 1 1 0 0 0 1
1 1 0 1 1 0 1 1
1 1 1 1 0 1 1 1
1 1 1 1 0 1 1 1
0 0 1 1 0 1 1 1
1 1 1 1 0 1 1 1
0 1 1 1 1 0 1 1
0 0 1 1 0 0 1 1
0 1 1 0 0 0 1 1
1 1 1 1 0 1 1 1
0 1 1 0 0 0 1 1
0 0 0 0 1 0 1 0
0 0 1 1 0 1 0 1
0 1 1 0 0 0 1 1
1 1 1 0 1 0 1 1
0 1 0 0 1 0 1 1
0 1 1 0 0 0 1 1
1 1 1 0 1 0 1 1
1 1 1 1 1 1 1 1
1 1 0 1 0 1 1 1
1 1 1 1 0 0 1 1
0 1 0 1 0 1 0 1
0 1 0 1 0 0 0 1
0 1 1 0 0 0 1 1
1 1 0 1 1 1 0 1
0 1 1 0 0 0 1 1
1 0 1 1 0 0 1 1
1 1 1 1 0 1 1 1
1 1 1 1 0 0 1 1
1 0 1 1 1 1 1 1
0 1 0 0 0 0 1 1
1 1 1 1 1 1 1 1
0 1 0 1 0 0 0 1
0 1 1 1 0 1 1 1
1 0 1 0 0 0 1 1
0 1 0 1 1 0 1 1
1 1 1 1 0 1 1 1
1 1 0 1 0 0 1 1
1 1 1 1 0 0 0 1
1 0 1 1 1 1 1 1
0 1 1 1 0 0 0 1
1 1 1 1 1 1 1 1
0 1 1 H11 0 0 1 1
0 1 0 1 1 1 1 1
0 0 1 1 1 0 1 0
1 1 1 1 0 0 1 1
0 1 1 1 1 0 1 1
0 1 1 1 0 0 1 1
1 0 1 1 0 1 0 1
0 0 0 1 1 0 0 0
1 0 1 1 0 1 1 1
0 0 0 1 0 0 1 1
0 0 0 0 1 0 1 0
1 0 0 1 1 0 0 0
1 1 0 1 1 1 1 1
0 1 1 1 0 0 1 1
1 1 1 1 0 1 0 1
1 1 0 0 0 0 0 1
1 1 0 1 0 0 0 1
0 1 0 1 0 1 0 1
1 1 1 1 0 0 1 1
0 1 1 1 0 0 1 1
1 1 0 1 0 1 1 1
0 0 0 0 1 0 1 0
0 1 1 1 1 0 1 1
1 0 1 1 1 1 1 1
1 1 1 1 1 0 1 0
0 1 1 1 1 1 1 1
1 0 0 1 1 0 0 1
1 1 1 1 0 1 1 1
0 0 0 1 1 1 0 0
0 0 1 1 0 1 0 1
0 1 0 1 0 0 0 0
1 1 1 1 1 0 1 1
0 1 1 1 0 0 0 1
1 1 0 0 1 0 1 0
1 1 0 1 1 1 0 0
1 1 1 1 0 1 1 1
1 1 1 0 1 0 1 1
1 1 1 1 1 1 0 1
1 1 1 1 1 0 1 1
1 1 1 1 1 1 1 1
0 1 1 1 1 1 1 1
1 0 0 1 1 1 1 0
1 0 0 1 0 0 0 0
0 1 1 1 0 0 1 1
1 1 1 1 0 1 1 1
1 0 0 1 0 1 1 0
0 1 1 1 0 1 1 1
0 1 0 1 1 0 0 1
1 0 0 0 1 1 1 0
0 1 H12 1 0 0 0 1
0 1 1 1 0 0 0 1
0 0 0 1 1 0 1 0
0 1 1 1 1 1 1 1
0 0 0 1 1 1 1 0
1 0 0 1 1 1 1 0
0 0 1 1 0 0 0 1
1 1 0 1 0 1 0 1
1 0 0 1 0 0 0 0
1 0 0 1 0 1 1 1
1 1 1 1 0 1 1 1
1 0 1 1 1 1 0 1
1 1 1 1 0 1 0 1
0 1 1 0 0 0 1 1
1 1 1 1 1 0 1 1
0 1 1 1 0 1 1 1
1 0 1 1 0 1 1 1
1 1 0 1 0 0 0 1
0 1 1 1 0 1 1 1
1 1 1 0 0 0 0 1
1 0 0 1 1 1 1 1
1 1 1 1 0 1 1 1
0 1 1 1 0 1 1 1
0 1 1 0 1 0 1 1
0 1 1 1 0 1 1 1
0 1 1 1 1 0 1 1
1 1 0 1 0 0 1 H13
0 1 1 1 1 0 1 1
0 1 1 1 0 0 1 1
0 1 1 1 0 0 1 1
1 1 1 1 0 1 1 1
0 0 0 0 1 0 1 0
1 1 0 1 1 1 1 1
1 1 1 1 1 0 1 1
0 1 0 1 0 0 1 1
0 0 1 1 1 1 1 0
1 1 1 1 0 0 1 1
1 0 0 1 0 1 0 0
1 0 1 1 0 0 0 1
1 1 1 1 0 1 1 1
1 1 1 0 1 0 1 1
1 1 1 1 0 1 1 1
0 1 1 1 1 1 1 1
1 0 0 1 1 1 0 0
1 0 0 1 1 0 1 1
1 1 1 1 0 1 1 1
1 1 0 1 1 1 1 1
0 1 1 1 0 1 0 1
1 1 0 1 0 1 1 1
1 0 1 1 1 1 1 0
0 1 1 1 0 0 1 1
1 0 1 1 0 1 1 1
1 1 1 0 1 0 1 1
1 0 1 1 0 1 1 1
1 1 1 1 0 0 1 1
0 1 1 1 0 0 1 1
1 1 0 1 1 0 0 1
0 1 0 1 0 0 1 1
0 1 0 1 0 0 0 1
0 1 1 1 0 1 1 1
1 1 1 1 1 1 1 1
1 1 0 1 0 1 1 1
0 1 0 1 0 1 0 1
0 1 0 1 0 0 0 1
0 1 0 1 0 0 1 1
0 1 1 1 0 1 1 1
0 1 1 0 0 0 0 1
0 1 1 1 0 1 0 1
0 1 0 1 1 1 1 1
1 0 1 1 0 1 1 1
0 1 1 1 0 1 0 1
0 1 1 1 0 1 1 1
0 1 1 0 0 0 0 0
1 0 0 1 0 1 1 1
1 1 0 1 0 1 1 1
0 1 0 1 1 0 1 0
1 1 1 1 0 1 1 1
0 1 1 1 1 0 1 1
0 1 1 1 0 0 1 1
1 1 0 1 0 1 0 1
1 0 1 1 0 1 1 1
0 1 1 1 0 0 1 1
0 1 0 1 0 1 1 1
0 1 0 1 0 0 0 1
0 1 0 0 0 0 0 1
1 1 0 1 0 0 1 1
0 0 1 1 1 0 1 0
1 1 0 1 0 1 1 1
1 1 1 1 0 1 1 1
0 1 1 1 1 0 1 1
1 0 1 1 1 0 1 0
0 0 1 0 0 0 0 1
1 1 0 0 1 1 1 1
1 0 0 1 0 1 0 0
0 1 1 0 0 0 1 1
1 1 1 1 1 0 0 1
1 1 1 1 1 1 0 1
1 0 1 1 0 1 0 1
1 1 1 1 0 1 1 1
1 1 1 1 0 1 1 1
0 1 1 1 0 0 0 1
1 1 1 0 0 1 1 1
0 1 0 1 0 0 1 1
0 1 1 1 0 0 1 1
0 0 0 1 1 0 1 0
1 1 1 1 0 1 0 1
1 1 0 0 1 0 0 1
1 0 1 1 1 1 1 0
0 1 0 1 0 1 0 1
0 1 1 1 0 0 0 1
1 1 1 1 0 0 1 1
1 1 1 1 0 0 1 1
1 1 0 1 0 0 0 1
1 1 1 1 0 1 1 1
0 1 1 1 1 0 1 1
0 1 1 1 1 0 1 1
0 0 0 0 1 0 1 0
1 1 1 0 0 0 1 1
1 1 1 1 0 1 0 1
0 1 0 1 0 0 1 1
1 1 1 0 1 0 1 1
1 1 0 1 0 0 0 1
0 1 1 1 0 0 1 1
0 1 1 1 0 0 1 1
1 0 0 1 0 1 1 1
1 1 1 0 0 0 0 1
0 1 0 0 0 0 0 1
1 0 0 1 1 1 0 0
0 0 1 1 1 0 1 1
1 1 1 1 0 0 1 1
0 1 1 1 0 0 1 1
0 1 0 1 0 1 0 1
0 0 1 1 1 0 1 0
1 1 1 1 0 1 0 1
1 1 1 1 0 0 0 1
1 0 0 1 0 0 1 0
0 0 0 1 1 0 1 0
1 1 1 0 0 1 1 1
0 1 1 1 0 1 0 1
0 1 1 1 0 0 1 1
0 1 1 0 0 0 0 1
0 1 1 1 1 0 1 1
0 1 1 1 0 1 0 1
0 0 0 1 1 0 1 0
1 0 0 1 0 1 1 0
1 1 0 1 0 1 0 1
1 1 1 0 0 1 1 1
1 1 1 0 1 0 1 1
0 1 0 1 1 0 0 0
1 1 1 1 0 1 1 1
1 1 1 1 0 0 1 1
0 0 1 1 1 1 1 0
1 1 1 0 0 1 0 1
1 0 0 1 1 0 1 1
1 1 1 0 0 0 1 1
0 1 1 1 0 0 1 1
1 0 1 1 0 1 0 1
0 0 0 0 0 0 1 0
0 1 1 1 0 0 1 1
0 1 0 1 0 1 1 1
0 1 1 0 0 0 1 1
1 0 0 1 1 1 1 0
0 1 1 1 0 0 1 1
0 1 0 1 1 0 1 1
1 1 1 1 0 0 0 1
0 1 0 1 1 1 0 1
0 0 1 1 1 0 1 0
0 1 1 1 0 0 0 1
1 1 1 1 0 1 1 1
0 1 0 1 0 1 0 1
1 1 0 1 0 1 0 1
1 0 0 H14 0 1 1 1
0 1 1 1 0 1 1 1
1 0 1 0 1 0 1 1
0 1 1 0 0 0 1 1
1 0 1 1 1 0 1 0
0 1 1 1 1 0 1 1
1 0 0 1 1 1 1 1
0 1 0 1 0 1 0 1
0 1 1 1 0 0 1 1
0 0 0 1 1 0 1 0
1 1 1 1 0 1 0 1
0 1 1 1 1 0 0 1
0 0 1 1 0 0 1 1
1 1 0 0 1 0 0 1
0 0 0 1 0 1 1 1
0 1 1 1 1 0 1 1
0 1 1 0 0 0 1 1
0 1 0 1 1 0 0 1
1 1 1 1 0 1 1 1
0 1 1 1 0 0 0 1
1 0 0 1 1 1 0 0
0 0 0 1 1 1 1 0
0 1 0 1 0 1 1 1
0 0 0 1 1 0 1 0
0 1 1 1 0 1 0 1
0 1 0 1 1 0 0 0
1 1 1 1 0 1 1 1
1 1 1 1 0 1 1 1
0 1 1 1 0 0 1 1
0 1 0 0 1 0 1 1
0 1 1 1 0 0 1 1
1 0 0 1 1 1 1 0
1 1 1 1 0 1 1 1
1 1 1 1 0 0 0 1
1 0 1 1 0 0 1 0
0 1 0 0 0 0 1 1
1 1 0 1 0 1 1 1
1 0 0 1 1 1 0 0
0 0 0 0 1 0 1 0
1 1 0 1 0 1 0 1
1 1 0 1 0 0 1 1
0 1 1 1 0 0 1 1
0 1 0 1 0 0 0 1
0 0 0 0 1 0 1 0
1 0 0 1 0 1 0 0
1 1 1 1 0 1 1 1
1 0 0 1 1 1 1 0
1 1 1 1 0 0 1 1
1 1 1 0 1 1 1 1
0 0 1 1 0 1 1 1
0 0 1 1 0 1 1 1
1 0 0 1 0 1 0 1
1 1 1 1 0 1 1 1
1 0 0 1 0 0 1 1
0 0 0 1 0 0 0 1
0 1 1 0 0 0 1 1
0 1 1 1 1 0 1 1
1 0 0 1 1 1 1 0
0 1 1 1 0 1 0 1
0 1 1 0 0 0 1 1
0 0 0 1 0 0 1 0
1 0 0 1 1 1 1 0
0 1 1 1 0 0 1 1
1 1 1 1 0 1 1 1
0 1 0 1 0 0 1 1
1 1 0 1 0 1 1 1
1 1 1 1 0 1 1 1
0 1 1 0 0 0 1 1
1 1 0 1 1 1 0 1
0 0 0 1 1 1 0 0
0 1 1 1 0 0 1 1
0 1 1 1 0 1 1 1
0 1 1 1 0 0 0 1
1 1 1 1 0 0 1 1
1 1 0 1 1 1 0 1
0 0 1 1 1 1 1 1
0 1 0 0 0 0 1 1
0 0 0 1 0 0 1 0
1 0 0 1 0 1 1 1
0 1 1 1 1 0 1 1
0 1 1 1 1 1 1 1
1 1 1 1 1 1 1 1
0 1 1 1 1 1 1 1
1 1 1 0 1 0 0 1
1 0 1 1 1 1 1 1
0 1 0 1 0 1 1 1
0 1 1 0 0 0 1 1
1 0 1 1 1 1 1 0
0 0 0 1 1 0 1 0
0 1 0 0 0 0 1 1
1 1 1 1 0 1 0 1
0 1 1 1 0 0 1 1
1 1 1 1 1 1 1 1
0 0 0 0 1 0 1 0
0 0 0 1 1 0 1 0
0 1 1 1 1 1 1 1
1 1 0 1 0 1 1 1
0 1 0 1 0 0 0 1
1 1 1 0 1 1 1 1
0 1 1 1 0 0 1 1
0 0 1 1 0 1 1 1
0 0 0 1 1 1 1 1
0 1 0 1 1 H15 1 1
0 1 1 1 1 0 1 1
1 1 0 1 0 1 1 1
1 1 0 0 0 0 1 1
1 1 1 1 0 1 1 1
0 0 1 1 1 0 1 1
1 1 1 1 0 0 0 1
0 1 1 0 1 0 1 1
1 1 0 1 0 0 1 1
1 1 0 0 1 0 1 1
1 1 1 1 0 1 1 1
0 1 1 0 0 0 1 1
0 0 0 1 1 0 0 0
1 0 0 0 1 0 1 0
1 1 1 1 0 1 1 1
0 0 1 1 1 0 1 0
1 1 1 1 0 1 0 1
1 1 0 1 0 0 1 1
1 1 1 1 1 1 1 1
1 1 1 1 0 1 1 1
1 1 1 1 1 1 1 1
1 1 0 0 0 0 1 1
0 0 1 1 0 1 1 1
1 1 1 1 0 1 1 1
1 1 0 1 1 1 1 1
1 1 1 1 0 1 1 1
0 1 1 0 0 0 0 0
0 1 1 1 0 0 0 1
1 0 0 1 1 1 1 1
0 1 1 1 0 0 1 1
1 1 0 0 0 1 1 1
0 1 1 1 0 1 1 1
0 1 1 1 0 0 1 1
0 0 1 1 0 0 0 1
1 0 1 1 1 1 1 1
1 1 0 1 0 0 0 1
1 1 1 1 0 1 0 1
0 1 0 1 1 0 1 1
1 1 0 1 0 1 1 1
0 0 1 1 1 0 1 0
0 1 0 1 1 0 1 0
1 1 0 1 0 0 0 1
0 1 1 0 0 0 1 1
0 0 0 1 0 1 1 1
0 1 1 1 0 0 1 1
1 1 0 1 0 1 1 1
0 1 1 1 1 0 1 1
0 0 0 1 0 1 0 0
1 0 0 1 0 1 1 1
0 0 1 1 0 1 1 1
1 0 0 1 1 0 1 0
0 1 1 0 0 0 1 1
0 1 1 0 0 0 1 1
0 1 1 1 1 1 1 1
1 1 0 1 0 1 1 1
1 1 0 1 0 0 1 1
0 1 1 1 1 0 1 1
1 1 1 1 0 1 1 1
0 1 1 1 0 0 1 1
1 1 0 1 0 1 0 1
0 1 0 1 0 0 1 1
1 1 1 1 0 0 1 1
0 1 1 1 0 1 1 1
0 1 1 1 0 1 0 1
1 1 1 1 0 1 1 1
0 1 1 1 0 0 0 1
0 1 1 1 0 1 1 1
1 1 0 1 1 0 1 1
0 1 1 0 0 0 1 1
0 0 0 1 0 0 1 1
1 1 1 1 1 0 1 0
0 1 0 0 0 0 1 1
0 0 1 1 0 1 0 1
1 1 1 1 1 1 1 1
0 1 1 1 0 0 1 1
0 1 1 1 0 1 1 1
1 1 1 0 1 0 1 1
0 1 1 1 0 0 1 1
0 1 1 1 0 1 1 1
1 1 1 1 0 1 1 1
1 0 1 1 0 1 1 1
0 1 1 1 0 1 1 1
1 1 1 1 1 1 1 1
0 1 0 1 0 0 0 1
1 1 0 1 1 1 0 1
1 1 1 1 0 1 1 1
1 0 0 1 1 0 0 0
1 1 0 1 0 0 0 1
1 1 1 1 0 1 1 1
1 0 0 1 1 0 1 0
0 1 1 1 0 0 1 1
1 1 0 0 1 0 1 1
0 1 1 1 0 1 1 1
1 0 1 1 0 1 1 1
1 1 1 1 0 1 0 1
0 1 1 1 0 1 1 1
1 1 1 1 0 1 1 1
1 1 1 1 0 1 0 1
1 1 1 1 0 1 0 1
1 1 0 1 0 1 0 1
0 1 0 1 1 1 1 1
0 1 0 1 0 0 0 1
0 1 0 0 1 0 1 H16
0 0 1 1 0 0 1 1
1 1 1 1 0 1 1 1
0 0 0 1 1 1 1 0
1 1 1 0 0 0 1 1
0 1 0 0 0 0 1 1
1 1 1 1 0 0 0 1
1 1 1 1 0 1 0 1
0 1 1 1 1 0 1 1
1 1 1 1 0 0 1 1
1 1 1 0 0 0 1 1
1 0 0 1 1 1 1 0
1 1 0 1 0 1 1 1
0 1 1 0 0 0 0 1
1 1 1 1 0 1 1 1
0 1 1 1 0 0 1 1
1 1 1 1 0 1 1 1
0 0 0 1 0 1 1 0
1 0 1 1 1 1 0 1
1 0 1 1 0 1 0 1
1 0 0 0 1 0 0 0
0 1 0 1 0 1 0 1
0 1 0 1 0 0 1 1
0 1 1 1 1 0 1 1
0 1 0 1 0 1 1 1
1 1 0 1 0 0 0 1
0 1 1 0 0 0 0 1
0 1 1 1 0 0 0 1
1 1 1 1 1 1 1 1
0 1 0 1 1 0 1 1
1 0 1 1 0 1 1 1
1 1 1 0 0 0 1 1
1 1 1 1 0 1 0 1
0 1 1 1 0 1 0 1
1 1 0 0 1 0 1 1
1 1 1 1 0 0 1 1
0 0 0 1 1 1 1 0
0 1 1 0 0 0 1 1
0 1 0 0 0 0 0 1
0 0 1 1 0 0 1 1
0 1 1 1 0 0 1 1
0 0 0 1 0 0 0 0
1 1 0 1 0 0 1 1
1 1 0 1 0 0 1 1
0 1 0 1 0 0 1 1
0 1 0 1 0 1 1 1
1 1 1 1 0 0 1 1
0 1 0 1 0 1 0 1
1 1 0 1 0 1 0 1
0 1 1 1 0 0 1 1
0 0 0 1 1 1 1 0
0 0 0 1 1 0 1 0
1 1 1 1 0 0 0 1
1 0 0 0 1 0 0 0
0 1 1 1 0 1 1 1
0 1 0 1 0 1 1 1
1 1 0 1 0 0 0 1
0 1 1 0 0 0 1 1
0 1 0 0 0 0 0 1
0 0 1 1 1 0 1 1
1 1 1 1 0 0 0 1
0 1 1 1 1 0 1 1
1 1 1 1 1 0 0 H17
1 1 1 1 0 0 1 1
1 0 1 1 0 1 0 1
0 1 1 1 0 0 0 1
0 1 0 1 0 0 0 1
1 1 1 1 0 1 0 1
1 0 1 1 0 1 1 1
1 1 0 1 0 0 0 1
1 1 0 1 1 1 1 1
0 1 0 1 0 0 1 1
0 1 1 1 0 0 1 1
1 1 1 0 0 0 1 1
0 0 0 1 1 1 0 0
0 1 1 1 1 1 1 1
1 1 0 1 0 1 0 1
0 0 0 1 1 1 0 0
1 1 1 1 0 1 1 1
0 1 1 1 0 0 1 0
0 1 1 1 0 1 1 1
0 1 1 0 0 0 1 1
1 1 0 1 0 1 1 1
0 1 1 1 1 0 1 1
0 1 1 1 0 1 0 1
0 1 1 0 1 0 1 1
0 1 0 1 1 1 1 1
0 1 0 0 0 0 0 0
1 1 1 1 1 0 1 1
0 0 1 1 1 1 1 1
1 0 1 1 1 1 1 1
1 1 1 1 0 0 1 1
1 0 1 0 0 0 1 1
0 1 0 1 0 0 0 1
1 1 0 1 0 1 1 1
1 1 1 0 1 0 1 1
0 1 1 1 1 0 1 1
0 1 1 1 0 1 1 1
0 1 1 1 0 0 0 1
1 0 1 1 0 1 1 1
0 1 1 1 0 1 1 1
1 0 0 H18 0 1 1 0
1 0 1 1 0 1 1 1
1 0 1 0 0 1 1 1
1 1 1 1 0 0 1 1
1 1 1 1 0 1 0 1
1 1 1 1 0 1 1 1
1 1 1 1 0 1 1 1
1 1 1 1 0 0 1 1
1 0 0 1 1 1 1 0
0 1 0 1 0 0 0 1
0 1 0 1 0 0 1 1
0 1 1 1 0 0 1 1
1 1 1 1 0 1 1 1
1 0 0 1 0 1 1 1
0 1 1 0 0 0 0 1
1 1 1 1 0 1 1 1
1 0 1 0 0 1 1 1
1 1 1 1 0 0 1 1
1 1 1 1 0 1 1 1
0 1 1 1 0 1 1 1
1 0 0 0 1 0 1 0
1 0 0 1 1 1 1 0
0 1 1 1 0 0 1 1
1 1 1 1 1 1 1 1
1 1 1 0 1 0 0 1
1 1 0 1 0 1 1 1
1 1 1 0 0 1 1 1
0 1 1 1 0 0 1 1
1 0 0 1 1 1 0 0
1 1 1 1 1 1 0 1
0 0 1 1 0 1 1 1
1 0 0 1 1 1 1 0
1 0 0 0 1 1 0 0
0 1 0 1 1 1 1 1
0 0 1 1 0 0 1 1
1 1 1 1 1 0 1 1
0 1 1 1 1 1 1 1
0 1 0 1 0 1 0 1
0 1 0 0 1 0 1 1
0 1 1 1 0 1 1 1
1 0 0 0 1 1 1 0
0 1 1 0 1 0 1 1
1 1 1 1 0 1 1 1
1 1 1 1 1 0 1 1
1 0 0 1 1 0 1 1
0 1 1 1 0 0 1 1
0 1 1 0 1 0 0 1
1 0 1 1 0 1 0 1
1 0 1 1 1 1 1 1
1 0 0 1 1 1 0 0
0 0 1 1 1 1 1 1
1 0 1 1 0 1 1 1
0 1 1 1 0 0 0 1
1 0 0 1 1 1 1 0
1 0 1 1 0 0 1 0
0 0 0 1 0 1 1 1
0 1 1 0 0 0 1 1
1 1 1 1 1 0 1 1
0 1 1 1 0 0 0 1
0 1 1 0 0 0 1 1
0 0 1 1 0 0 0 1
0 1 1 0 0 0 1 1
1 0 0 H19 0 1 0 1
0 1 1 1 0 1 1 1
1 1 1 1 1 1 1 1
1 0 0 1 1 1 1 0
0 1 0 0 0 0 1 1
1 1 1 1 1 0 1 1
1 1 1 0 0 1 0 1
1 1 1 0 0 0 1 1
1 0 0 1 0 1 1 1
0 0 0 1 0 1 1 1
0 1 1 1 0 0 1 1
0 1 1 1 0 0 1 1
0 1 1 0 0 0 0 1
1 0 0 1 0 1 0 1
0 1 1 1 0 0 1 1
0 0 0 1 1 1 1 0
0 0 0 1 1 0 0 0
1 0 0 0 1 0 1 0
1 1 0 1 0 0 0 1
1 1 1 1 0 1 0 1
0 0 0 1 0 1 0 0
1 1 1 1 0 0 0 1
0 0 0 1 1 0 1 0
0 1 0 1 0 0 0 1
0 1 1 1 0 1 1 1
1 1 1 0 1 1 1 1
1 0 0 1 0 1 0 0
0 1 1 1 0 0 1 1
1 1 1 1 0 0 1 1
0 1 1 0 0 0 1 1
0 1 1 1 0 1 0 1
0 0 0 1 0 0 1 0
1 1 1 1 1 1 1 1
0 1 1 1 1 1 1 1
1 1 1 1 1 0 0 1
0 1 1 1 0 0 1 1
0 0 0 1 1 0 0 0
0 1 0 1 0 0 0 1
0 1 1 0 0 0 1 1
1 1 1 1 0 0 0 1
1 1 1 1 0 0 0 1
0 1 1 1 0 0 0 1
1 1 1 0 0 0 1 1
1 1 1 1 0 1 1 1
0 1 1 1 0 0 1 1
1 0 1 1 0 1 1 1
0 1 1 0 0 0 1 1
0 1 1 1 0 1 1 1
1 1 1 1 0 0 0 1
1 0 1 1 1 1 1 1
0 1 0 0 0 0 1 1
1 1 0 1 0 1 1 1
1 1 1 1 0 0 0 1
0 1 1 1 0 0 1 1
0 1 0 1 0 0 0 1
1 1 1 1 0 1 1 1
0 1 1 1 0 0 1 1
1 0 1 1 0 1 0 1
1 0 1 1 0 1 1 0
0 1 1 1 0 1 1 1
0 0 0 1 1 1 1 1
1 1 1 1 1 0 0 1
1 0 0 1 1 1 1 0
0 1 1 1 0 1 1 1
1 1 1 0 1 0 1 1
1 1 1 1 0 1 1 1
1 1 1 0 0 0 0 1
1 0 1 1 1 1 1 0
1 1 1 1 0 1 0 1
0 1 0 1 0 0 0 1
0 1 1 1 0 0 1 1
0 1 1 0 1 1 1 1
0 1 0 1 1 0 1 1
1 0 1 1 0 0 1 1
1 1 1 1 0 1 1 1
0 1 1 1 0 0 1 1
1 1 1 1 1 0 1 1
1 1 1 1 0 1 1 1
1 1 0 1 0 1 0 1
1 0 0 1 0 0 1 1
1 1 1 1 0 1 1 1
1 1 1 1 0 0 1 1
1 1 1 0 0 0 1 1
0 0 1 0 1 0 1 0
1 1 1 0 0 0 0 1
0 1 1 0 0 0 1 1
1 1 0 0 0 0 0 1
1 1 1 0 0 1 1 1
1 1 1 1 1 0 1 1
1 1 0 1 0 1 1 1
1 1 1 1 1 1 1 1
0 0 0 0 0 0 1 0
1 0 0 1 0 1 1 0
0 0 1 1 0 0 1 1
1 0 0 1 0 1 0 0
1 1 1 1 0 1 0 1
1 1 0 1 0 0 1 1
1 1 1 0 0 0 1 1
0 0 1 1 0 0 1 1
0 1 1 1 1 0 0 1
1 0 0 1 1 1 0 0
0 1 1 1 0 1 1 1
0 0 1 1 0 1 1 0
1 1 1 0 0 0 0 1
1 1 1 1 0 1 0 1
1 0 0 1 1 1 1 0
0 1 1 0 0 0 0 1
1 0 1 1 0 1 0 1
1 0 0 1 1 1 0 0
0 1 0 1 0 0 0 1
0 1 1 1 1 1 1 1
1 1 0 1 0 0 0 1
1 0 1 1 0 1 0 1
0 0 0 1 1 1 1 0
1 0 0 1 0 1 0 H20
0 1 0 1 1 0 1 0
0 0 1 1 0 0 1 0
1 1 1 1 0 1 1 1
1 1 0 1 0 0 1 1
1 1 0 0 1 0 1 1
0 1 1 0 0 0 1 1
0 1 1 1 0 0 1 1
1 1 1 1 1 0 1 1
0 0 0 1 1 1 0 0
0 1 1 0 0 0 1 1
1 1 0 1 0 1 0 1
0 0 0 1 0 1 1 0
0 1 1 1 0 0 0 1
0 0 1 1 0 1 1 1
0 1 1 1 0 0 1 1
0 1 1 0 0 0 0 1
0 0 1 1 0 1 1 1
0 1 1 0 0 0 1 1
0 1 0 1 1 0 1 1
1 0 1 0 0 0 0 1
0 0 1 0 0 0 1 1
1 1 0 1 0 0 1 1
0 1 1 1 0 0 1 1
1 0 0 1 1 1 1 0
0 1 0 1 0 0 1 1
0 1 0 1 0 0 1 1
0 1 1 1 0 1 1 1
1 0 0 1 0 1 1 1
1 1 1 0 0 0 0 1
0 1 0 1 0 0 0 1
0 1 1 1 1 0 1 1
1 1 0 1 0 0 0 1
1 0 1 1 1 1 1 0
1 1 1 1 0 0 1 0
1 1 1 0 0 1 1 1
0 0 1 1 1 0 1 0
1 0 1 1 1 1 1 0
1 1 0 1 1 1 1 1
1 1 1 0 0 0 1 1
1 1 0 1 1 1 1 1
1 1 0 1 0 1 0 1
0 1 0 1 0 0 0 0
1 1 0 1 0 1 0 1
1 0 0 1 1 1 0 0
0 0 0 1 0 1 0 1
1 1 1 1 0 1 1 1
0 1 1 1 0 0 0 1
1 1 1 1 0 0 0 1
1 1 0 1 1 1 1 1
1 1 0 0 1 1 1 1
1 1 1 1 0 1 1 1
0 1 1 1 0 0 1 1
0 1 1 1 0 1 1 1
1 1 0 1 1 0 1 1
1 0 0 1 0 1 0 1
1 1 0 1 1 1 1 1
0 1 1 1 0 0 1 1
0 1 1 1 0 0 1 1
0 1 1 1 0 1 1 1
0 0 0 0 1 1 1 0
1 1 1 1 0 1 1 1
0 1 1 1 0 0 1 1
0 0 0 1 0 1 1 1
1 1 1 1 0 0 0 1
0 0 0 1 1 0 0 0
0 1 1 1 0 1 1 1
1 1 1 0 0 0 1 1
1 1 1 1 0 0 1 1
0 1 1 1 0 0 0 1
0 0 0 1 1 0 1 0
0 1 1 1 0 0 1 1
1 0 1 1 0 1 1 1
1 1 1 1 0 1 1 1
1 1 1 1 0 0 0 1
1 1 1 1 1 1 1 1
1 1 1 1 0 1 1 1
1 1 0 0 0 0 1 1
1 1 1 1 0 0 1 0
1 0 1 1 1 1 0 0
1 1 0 0 0 0 0 1
1 1 0 1 0 1 1 1
0 1 0 1 0 1 1 1
1 1 1 1 1 0 1 1
0 1 1 1 1 1 1 1
1 1 1 1 0 1 1 1
1 1 1 1 1 0 1 1
1 1 1 1 0 0 1 1
0 0 0 1 0 0 1 0
1 0 0 1 1 0 1 1
1 1 1 1 0 1 1 1
0 0 1 1 0 0 1 1
1 1 1 0 0 0 1 1
1 1 1 1 0 0 0 1
1 1 0 1 0 1 0 1
1 1 0 1 1 0 1 1
1 1 0 1 0 0 0 1
0 1 1 0 0 0 1 1
0 1 1 1 1 0 1 1
0 1 1 1 1 0 1 1
0 1 0 1 1 1 1 1
1 1 1 1 0 1 1 1
0 1 0 1 1 0 1 1
0 0 0 0 0 0 1 1
1 1 0 0 0 0 1 1
0 1 1 1 0 1 1 1
1 1 1 1 0 1 1 1
0 1 1 1 0 0 0 1
0 0 1 1 1 1 0 1
1 0 1 0 1 0 1 0
1 0 0 1 0 1 1 0
0 1 1 1 0 1 1 1
0 1 0 1 0 1 1 1
1 1 0 1 0 0 1 1
1 0 1 0 0 0 1 1
0 1 0 1 1 0 0 0
1 1 0 1 1 1 0 1
1 1 1 1 0 0 1 1
1 0 0 0 0 1 1 0
0 1 1 1 1 1 1 1
0 0 0 1 1 0 1 0
1 1 1 1 1 0 1 1
0 0 0 1 1 0 1 0
1 1 0 1 0 0 1 1
0 1 1 1 0 0 0 1
0 1 0 1 0 0 1 1
0 0 0 1 1 0 0 0
0 1 0 1 0 1 1 1
0 0 0 1 0 1 0 0
1 0 1 1 0 1 1 1
1 1 1 1 0 1 1 1
0 1 1 1 0 0 1 1
1 1 1 0 1 0 1 1
0 1 0 1 0 0 0 1
1 1 1 0 0 0 1 1
0 1 1 1 0 0 1 1
0 0 0 1 0 0 0 1
1 1 1 1 0 0 1 1
1 0 1 1 0 1 0 1
0 1 1 1 1 1 1 1
0 1 0 1 0 1 0 1
1 1 1 1 0 1 1 1
0 1 1 1 0 1 1 1
1 1 1 1 0 1 1 1
1 1 1 1 0 0 1 1
1 1 1 1 0 0 0 1
1 1 1 0 0 0 1 1
1 1 1 0 1 1 0 1
0 1 0 1 1 1 0 1
0 1 1 0 0 0 1 1
1 0 0 1 1 1 1 1
0 1 0 1 0 0 1 1
0 0 1 1 0 0 1 1
1 0 0 0 1 0 1 0
0 1 1 1 1 1 1 1
1 1 0 1 0 1 0 1
0 1 1 1 0 0 0 1
0 1 1 1 0 0 1 1
1 1 1 0 0 0 1 1
1 1 0 0 0 1 0 1
1 1 0 1 0 1 0 1
0 0 1 1 1 0 1 0
0 0 1 1 0 1 1 1
0 0 1 0 1 0 1 1
0 1 0 1 0 1 1 1
0 1 1 1 0 0 0 1
1 1 1 1 0 0 1 1
0 1 0 0 0 0 0 1
0 1 1 1 0 1 1 1
0 1 1 1 0 1 1 1
1 1 1 1 0 0 1 1
0 1 1 1 1 0 0 1
0 1 1 1 1 0 1 1
0 1 0 1 0 0 0 0
1 0 0 0 1 0 0 0
1 1 1 1 1 0 0 1
1 1 0 1 0 0 1 1
0 0 0 1 1 0 0 0
1 1 1 0 0 0 1 1
0 0 1 1 0 1 1 1
0 1 1 1 0 1 1 1
0 0 1 1 0 1 0 1
1 1 1 1 0 1 1 1
1 1 0 1 0 1 1 1
1 0 1 1 1 1 1 1
0 1 0 0 0 0 0 1
0 0 1 1 0 0 1 1
0 1 1 0 0 1 0 1
1 1 0 1 0 1 0 1
0 0 1 1 0 0 1 1
1 1 0 1 0 0 1 1
1 0 0 1 1 1 0 0
0 1 1 1 0 0 1 1
0 1 0 1 0 1 0 1
0 1 1 0 0 0 0 1
0 0 1 1 0 0 1 1
1 1 0 1 1 0 1 1
1 1 0 1 0 1 0 1
0 0 0 0 0 0 1 1
1 1 1 1 1 0 1 1
0 1 1 0 0 0 1 1
0 1 0 1 0 0 1 1
1 1 0 1 1 1 1 1
0 0 0 1 0 0 0 0
0 1 1 0 0 0 1 1
1 0 1 1 0 1 1 1
1 1 0 0 0 1 0 1
1 1 1 0 0 0 1 1
0 1 0 1 0 0 1 1
1 1 1 0 0 0 0 1
0 0 0 1 0 0 0 1
0 1 1 1 0 1 1 1
1 1 1 1 0 1 1 1
1 1 1 1 0 0 1 1
1 1 0 1 0 1 0 1
0 1 1 0 0 0 1 1
0 1 0 1 0 0 0 1
0 1 1 0 0 0 1 1
0 1 0 1 0 0 0 1
1 1 1 1 0 1 1 1
1 0 1 1 1 0 1 0
0 1 0 1 0 0 1 1
0 1 1 1 0 0 0 1
0 1 1 0 1 0 1 1
1 1 1 1 1 0 1 1
1 1 0 0 0 0 1 1
0 1 0 1 0 0 1 1
1 1 0 0 0 0 0 0
1 0 1 0 0 0 0 1
1 0 1 1 0 0 1 1
1 0 1 1 0 0 1 1
0 1 1 1 0 0 1 1
1 1 1 1 0 1 1 1
0 1 1 1 1 0 1 0
1 0 0 1 0 1 0 0
1 1 0 1 0 1 1 1
0 1 1 1 1 0 1 1
0 1 1 1 0 0 0 1
0 1 0 1 0 1 1 1
0 0 1 1 1 0 1 1
0 1 1 1 0 0 0 1
1 1 1 1 0 0 1 1
1 1 1 1 0 1 1 1
1 0 1 1 1 1 1 0
1 1 0 1 1 0 1 1
0 0 0 1 0 1 1 0
1 0 1 1 0 1 1 1
1 1 1 1 1 0 1 1
0 1 0 1 0 1 1 1
0 0 0 1 1 0 1 0
1 1 1 1 1 1 1 1
0 1 1 1 0 1 1 1
1 1 1 1 0 0 0 1
1 0 0 1 1 0 0 0
0 1 0 1 0 0 1 1
0 0 0 1 0 1 1 1
1 1 1 1 0 0 1 1
1 1 1 1 0 0 0 1
1 1 1 1 0 0 1 1
1 1 1 0 0 0 1 1
0 1 1 1 1 1 1 1
1 1 1 1 0 1 1 1
0 1 1 1 1 1 1 1
0 1 0 0 0 0 0 1
1 1 1 1 1 1 0 1
1 1 1 1 0 1 1 1
1 0 0 1 1 1 1 0
0 1 0 0 1 0 1 1
1 1 0 1 0 1 0 1
0 0 0 1 0 0 0 1
0 0 0 1 0 0 1 1
0 0 1 0 1 0 1 1
1 1 0 1 0 1 0 1
0 1 0 1 1 0 0 1
1 0 0 0 1 1 1 0
1 0 1 1 0 0 1 1
0 1 1 0 0 0 0 1
1 1 1 1 0 1 0 1
1 1 1 0 0 0 0 1
1 1 0 0 0 0 0 1
1 1 1 1 0 0 1 1
0 1 1 1 1 0 1 1
1 1 0 1 0 0 1 1
0 0 1 1 1 0 1 0
1 0 0 1 1 1 1 0
1 0 1 1 0 1 1 1
0 1 0 0 0 0 0 1
0 1 1 1 0 1 1 1
0 1 1 0 0 0 1 1
0 1 1 1 0 0 1 1
1 0 1 1 1 1 0 0
0 1 1 1 0 0 1 1
1 0 1 1 0 1 1 1
1 0 0 1 1 1 1 1
1 0 1 1 1 1 1 1
0 1 1 1 0 0 1 1
0 0 1 1 1 1 0 0
1 1 1 1 0 1 0 1
0 1 0 0 0 0 1 1
0 1 0 0 0 0 0 1
0 1 0 1 0 0 1 1
1 1 1 1 1 0 1 1
1 1 0 1 0 1 1 1
1 1 1 1 0 1 0 1
0 0 0 1 0 1 0 1
0 0 0 0 1 0 1 0
0 1 0 0 0 0 0 1
0 0 0 0 1 0 0 0
0 1 1 1 0 1 1 1
1 1 0 0 0 0 1 1
1 1 0 1 0 1 1 1
0 1 1 1 0 1 0 1
0 1 0 0 1 0 1 1
1 1 0 1 0 1 0 1
1 1 1 1 0 0 1 1
0 1 1 1 1 0 1 1
0 0 0 1 1 0 1 0
0 1 0 1 0 0 0 1
0 1 1 1 1 1 1 1
1 1 0 1 1 1 1 1
1 0 1 0 0 1 1 1
0 1 1 1 0 0 1 1
0 0 0 1 0 0 1 0
0 1 1 1 0 0 1 1
1 1 1 1 0 1 1 1
1 1 1 1 1 1 0 1
0 1 1 1 0 0 1 1
0 0 0 1 1 1 0 0
0 0 1 1 1 0 1 0
1 1 0 1 1 1 1 1
0 0 0 1 1 0 0 0
0 1 0 0 0 0 1 1
0 1 1 1 0 0 1 1
1 1 1 1 0 0 1 1
1 0 0 1 1 0 0 0
0 0 1 1 0 0 0 1
0 1 0 1 0 0 1 1
1 1 0 0 0 0 0 1
1 1 1 1 1 0 1 1
0 0 1 1 0 0 0 1
1 0 1 0 1 0 1 0
0 1 0 1 0 0 1 1
1 0 0 0 1 1 1 0
1 1 1 1 0 1 1 1
1 1 1 0 0 0 1 1
1 0 1 1 0 1 0 1
1 1 1 1 0 1 1 1
0 1 1 0 0 0 0 1
1 1 1 0 0 0 1 1
0 1 1 0 0 0 1 1
0 1 1 0 0 0 0 1
1 1 1 1 0 1 1 1
1 1 1 0 0 0 0 1
0 1 0 1 0 1 1 1
0 1 1 1 0 0 1 1
0 1 1 1 0 0 1 1
0 1 0 1 0 0 1 1
0 0 1 1 1 1 1 1
0 1 1 1 0 0 0 1
1 1 1 1 0 1 0 1
1 1 1 1 0 1 0 1
0 0 1 1 0 1 0 1
1 0 0 0 1 1 1 0
0 1 0 0 0 0 1 1
1 0 1 1 1 1 1 0
1 0 1 1 1 1 1 1
0 1 1 1 0 0 0 1
1 1 0 0 1 0 1 0
1 0 1 1 0 1 0 1
1 1 0 1 0 1 0 1
0 1 0 1 1 0 1 1
1 1 1 1 0 0 1 1
1 0 0 1 0 0 1 1
1 0 1 1 0 1 1 1
0 0 0 1 1 1 0 1
0 1 1 0 0 1 1 1
0 0 0 1 0 0 0 1
1 0 1 1 1 1 1 1
1 1 1 1 1 1 1 1
1 1 1 1 0 0 1 1
1 0 0 1 1 0 0 1
1 1 1 1 0 0 0 1
1 1 1 1 1 1 1 0
1 1 1 1 1 1 1 1
1 1 1 1 0 1 1 1
1 1 1 1 1 1 1 1
0 1 0 1 1 0 0 1
0 0 0 1 1 1 0 0
0 1 1 1 1 0 1 1
0 0 0 0 0 1 0 1
1 0 1 1 1 0 1 0
1 0 0 1 1 1 1 0
0 1 1 1 0 0 0 1
1 1 0 1 0 0 0 1
1 1 0 1 0 1 0 1
0 1 1 1 0 1 1 1
1 0 1 1 0 1 1 1
0 1 1 1 0 0 1 1
1 1 0 1 1 1 1 1
0 1 1 1 0 0 1 1
0 1 0 1 1 0 1 0
0 1 1 0 1 0 1 1
1 0 0 1 0 1 1 1
0 1 1 1 0 0 1 1
1 1 1 1 1 0 1 0
1 0 1 0 0 0 0 1
1 0 1 1 0 1 1 1
0 1 0 1 0 1 1 1
1 0 0 1 1 1 1 0
1 1 1 1 0 1 0 1
0 1 1 1 0 0 1 1
1 0 1 1 0 1 0 1
1 1 1 0 0 1 1 1
1 0 1 1 1 0 1 1
0 0 0 1 0 0 1 0
0 1 1 1 0 0 1 1
0 0 1 0 0 0 1 1
0 0 0 1 1 0 1 0
1 1 1 1 0 1 1 1
1 1 1 1 0 1 1 1
0 0 1 1 0 1 1 1
0 1 1 0 1 0 0 1
0 1 1 1 0 1 1 1
1 1 0 1 1 0 1 0
0 0 0 1 1 1 1 0
0 0 0 0 0 0 0 1
1 0 0 1 1 1 1 0
1 0 0 0 1 1 1 0
0 0 0 1 0 0 0 0
0 0 1 1 0 1 1 1
1 0 1 1 0 1 1 1
0 0 0 1 0 0 1 0
0 1 0 1 0 0 1 1
1 0 0 1 1 1 1 0
0 1 0 1 0 0 1 1
0 1 1 1 0 1 1 1
0 1 1 1 0 0 1 1
0 1 1 1 0 0 1 1
0 0 1 1 0 1 0 1
1 1 1 1 0 0 1 1
0 1 1 1 0 0 1 1
1 1 0 0 0 0 1 1
1 1 1 1 1 1 1 1
1 1 1 0 0 1 0 1
1 1 1 1 0 1 1 1
0 1 1 0 0 0 1 1
0 1 0 1 0 0 1 1
1 1 0 0 0 0 1 1
1 0 1 1 1 1 1 0
0 1 1 1 0 1 1 1
1 1 1 0 0 0 1 1
1 1 1 1 0 1 1 1
1 1 0 1 0 0 1 1
1 1 0 0 0 0 1 1
1 0 1 1 0 1 1 1
1 1 1 1 1 1 1 1
0 0 0 0 1 0 1 0
1 1 1 1 0 1 1 1
1 1 0 1 0 1 0 1
0 1 1 1 1 0 1 1
1 1 1 1 0 1 0 1
1 0 1 0 1 0 1 1
1 1 1 0 0 0 1 1
1 1 1 1 0 1 0 1
0 1 0 1 1 0 1 0
0 1 1 1 0 0 1 1
0 1 0 1 0 1 1 1
0 1 0 1 0 1 1 1
0 1 0 1 0 0 0 1
0 1 1 1 1 0 1 1
0 1 1 1 0 1 1 1
0 1 1 1 0 0 1 1
1 1 0 0 1 0 1 1
0 0 0 1 0 1 1 0
0 1 0 1 0 1 0 1
0 1 0 1 0 0 1 1
1 1 0 1 0 1 0 1
0 1 1 1 0 0 1 1
1 1 0 0 0 0 0 1
0 1 1 0 0 0 1 1
1 0 1 1 0 0 1 1
1 1 0 1 0 0 1 1
0 1 0 1 0 0 0 1
0 1 0 1 1 0 1 1
0 0 0 1 0 1 0 1
1 1 1 1 0 1 1 1
0 0 1 1 0 1 1 1
0 1 1 1 0 1 0 1
0 1 1 1 0 0 1 1
0 0 1 1 0 0 0 1
1 1 1 1 0 0 1 1
1 1 1 1 1 1 1 1
1 1 1 0 0 0 1 1
1 1 1 0 0 0 1 1
0 0 1 1 0 1 1 1
0 0 1 1 0 0 1 0
1 0 1 1 1 1 1 0
1 1 1 1 1 0 1 1
1 1 0 1 0 1 1 1
1 1 1 0 0 0 1 1
1 0 0 1 1 1 0 0
1 1 0 0 0 0 1 1
0 0 1 1 0 1 1 1
1 0 0 1 1 1 1 0
0 1 1 1 0 1 1 1
0 1 0 1 0 0 1 1
0 1 0 1 0 0 0 1
1 1 1 0 0 0 1 1
1 1 1 1 1 0 1 1
1 1 0 1 0 1 1 1
0 0 1 1 1 1 1 0
1 1 1 1 0 0 0 1
1 1 1 1 1 1 1 1
1 1 0 1 1 0 1 1
1 1 1 1 0 0 0 1
1 1 0 1 0 0 0 1
0 1 1 1 0 1 0 1
1 0 1 1 0 1 1 1
0 1 1 0 0 0 0 1
1 1 0 1 0 1 1 1
0 0 1 1 1 1 1 1
0 0 0 1 0 0 1 0
1 1 1 1 0 1 1 1
0 1 1 1 0 0 1 1
1 1 1 1 0 0 0 1
1 1 1 1 1 1 0 1
1 1 0 1 1 0 1 1
0 1 0 0 1 0 1 1
1 0 0 1 1 0 1 0
0 1 1 1 0 1 1 1
1 1 1 1 0 1 1 1
1 1 1 1 1 1 1 1
1 1 1 1 1 1 1 1
1 0 1 1 0 1 0 1
1 1 1 1 1 1 1 1
1 1 1 1 0 1 1 1
0 1 1 1 0 1 1 1
0 1 0 1 0 0 1 1
0 1 0 0 0 0 0 1
0 1 0 1 0 0 0 1
1 0 1 1 1 1 1 0
1 1 0 1 0 0 1 1
0 1 1 1 0 0 1 1
1 1 0 0 0 0 1 1
1 0 0 0 1 0 1 0
1 0 0 1 1 1 0 0
1 1 1 1 1 1 1 1
0 1 1 1 1 1 1 1
0 1 1 1 0 0 1 1
0 1 1 0 0 0 1 1
1 0 1 1 0 1 1 1
0 1 0 1 0 1 1 1
1 1 1 0 1 0 1 1
1 1 1 1 0 0 1 1
1 1 1 0 0 0 0 1
0 0 0 1 0 0 1 0
1 1 0 1 0 1 1 1
1 0 0 1 1 1 1 0
0 1 0 1 0 0 1 1
0 1 0 1 1 0 0 0
0 1 1 0 1 0 1 1
0 1 0 1 0 0 0 1
1 1 1 1 1 0 1 1
1 1 1 0 0 1 1 1
0 0 0 1 1 0 1 0
0 1 1 1 0 1 1 1
0 1 0 0 1 0 0 1
0 1 1 1 1 1 1 1
1 1 0 1 0 1 1 1
0 0 1 1 1 1 1 1
0 1 1 1 0 0 1 1
0 1 0 1 0 1 1 1
0 1 1 1 1 0 1 1
1 1 1 0 0 0 1 1
1 0 1 1 0 1 1 0
1 1 1 1 0 0 1 1
0 0 1 1 1 0 1 1
0 0 0 1 1 1 1 0
0 1 0 0 0 0 0 1
0 1 0 0 0 0 0 1
1 1 1 1 0 1 1 1
1 1 1 1 0 0 1 1
1 1 1 1 0 1 1 1
0 1 1 1 1 0 0 1
0 1 0 1 0 0 1 1
1 0 1 1 0 1 1 1
1 0 1 1 1 1 0 0
1 0 0 0 0 0 1 0
0 0 0 0 0 0 1 1
0 1 1 1 1 1 1 1
0 1 1 1 0 0 0 1
1 1 1 1 0 1 0 1
1 0 0 1 0 0 1 1
1 0 1 1 0 1 0 1
0 1 0 1 0 0 1 1
0 1 0 1 0 1 1 1
0 1 1 0 0 0 0 1
0 1 0 1 0 0 1 1
1 1 0 1 0 1 0 1
0 1 0 0 0 0 0 1
0 0 1 0 0 1 1 0
1 1 1 0 0 0 1 1
0 1 1 1 0 0 1 1
1 1 1 1 0 1 1 1
0 0 1 1 0 1 1 1
1 1 1 0 0 0 1 1
0 1 0 1 0 0 1 1
0 0 0 0 0 0 0 1
0 1 1 1 0 0 1 1
1 0 0 1 1 1 1 0
0 1 0 1 0 0 1 1
1 1 1 1 0 0 1 1
1 0 1 1 0 1 1 1
0 1 1 0 1 0 1 1
0 1 1 1 1 0 0 1
1 1 1 1 0 1 0 1
0 1 1 1 1 0 1 1
0 1 1 1 0 1 1 1
1 1 1 1 0 0 1 1
1 1 1 1 0 1 1 1
1 0 0 1 0 1 1 1
0 0 0 1 0 1 0 1
1 0 1 0 0 1 1 0
0 1 1 0 0 0 0 1
1 0 1 1 1 0 1 0
1 1 0 1 0 0 0 1
0 1 1 1 0 1 1 1
0 1 1 0 0 0 1 1
0 1 1 1 1 0 1 1
0 0 1 1 0 1 1 1
0 1 1 1 0 1 0 1
0 1 1 0 0 0 1 1
0 1 1 1 0 0 1 1
0 1 1 1 0 0 1 1
1 1 1 0 0 0 1 1
1 1 1 1 1 0 1 1
1 1 1 1 0 1 1 1
0 1 0 1 1 0 1 1
1 1 0 1 0 1 0 1
0 1 0 0 1 0 0 1
0 1 0 1 0 0 0 1
1 1 0 0 0 0 1 1
1 1 1 1 0 0 0 1
1 1 1 1 0 1 1 1
0 0 1 0 1 0 1 1
0 1 1 1 0 0 1 1
1 0 0 1 1 1 1 0
0 0 1 1 0 1 1 0
0 1 0 0 0 0 0 0
1 1 1 1 0 1 1 1
0 1 1 1 0 1 1 1
1 0 0 1 0 1 1 1
0 1 0 1 0 0 0 1
0 1 1 1 0 0 1 1
1 1 0 1 0 1 1 1
0 1 0 0 1 1 1 1
0 1 1 0 0 0 1 1
0 1 1 1 0 1 1 1
0 1 1 0 0 0 0 1
1 1 0 1 0 1 1 1
1 0 1 1 0 1 1 0
1 1 1 1 0 1 1 1
1 1 0 1 0 1 1 1
0 1 1 1 0 0 1 1
0 1 1 1 0 0 1 1
0 0 0 0 0 0 1 0
0 1 1 0 0 0 0 1
1 1 0 1 0 0 1 1
1 1 1 1 0 1 1 1
0 1 1 1 0 0 1 1
1 0 1 1 1 1 1 1
1 1 1 1 0 1 1 1
0 0 1 1 0 1 0 1
0 1 0 1 0 1 1 1
0 1 1 1 1 1 1 1
0 1 1 1 0 1 0 1
0 0 0 1 1 1 1 0
0 1 1 1 0 0 0 1
0 1 0 1 0 0 1 1
0 1 1 1 1 1 1 1
1 1 0 1 0 0 0 1
0 0 1 0 1 1 1 1
1 1 1 1 1 1 1 1
1 0 0 1 1 0 0 1
1 1 1 1 0 1 1 1
0 1 1 1 0 0 1 1
0 1 0 1 0 0 0 1
1 0 1 1 0 1 1 1
1 1 0 1 0 1 1 1
0 1 1 1 0 0 1 1
1 1 0 1 0 1 1 1
0 1 0 1 0 0 1 1
1 1 1 1 1 1 1 1
1 0 1 1 1 1 1 1
1 1 0 1 1 1 1 1
1 0 1 1 0 1 1 1
1 1 1 1 0 0 0 1
1 1 1 1 1 1 1 1
0 0 1 1 1 1 1 1
1 1 1 1 1 1 1 1
0 0 0 1 1 1 1 1
0 1 0 0 0 0 1 1
1 1 0 1 0 1 1 1
1 1 1 1 0 1 1 1
0 0 1 1 1 0 1 0
0 1 1 1 1 0 1 1
1 0 0 1 1 0 1 0
0 1 1 1 0 0 1 1
1 0 0 1 1 1 1 0
1 1 1 0 0 0 1 1
0 0 0 1 0 0 0 0
0 1 0 1 0 0 0 1
0 1 0 1 0 1 1 1
1 0 0 1 1 1 1 0
0 1 0 1 0 0 0 1
1 1 1 1 0 0 1 1
1 1 1 1 0 1 0 1
1 1 1 0 0 0 0 1
1 1 0 1 0 0 1 1
1 0 0 1 0 1 0 1
0 0 0 1 1 1 1 0
1 1 1 1 0 1 1 1
1 1 1 1 1 1 1 1
1 1 0 1 0 1 0 1
1 0 0 1 1 1 0 0
0 1 1 1 0 0 1 1
0 1 1 1 0 0 1 1
1 1 1 1 0 0 1 1
1 1 1 1 0 1 0 1
0 0 0 1 0 0 1 0
0 0 1 1 0 0 0 1
0 1 1 1 0 1 1 1
0 1 1 1 0 0 1 1
0 1 1 1 0 0 1 1
1 1 1 1 0 1 1 1
1 1 1 1 0 0 1 1
0 1 1 1 0 1 1 1
1 1 1 0 0 0 1 1
1 1 1 1 0 1 0 1
0 0 1 1 1 1 1 0
0 0 0 1 1 0 0 1
0 1 1 1 0 0 1 1
1 1 1 0 1 0 0 1
1 1 1 1 0 1 1 1
0 1 1 1 0 1 1 1
1 1 0 0 1 0 0 1
0 1 0 1 0 1 1 1
1 1 1 1 0 1 0 1
1 1 1 1 0 1 1 1
1 1 0 1 1 0 1 0
1 1 1 1 1 1 1 1
0 1 1 1 0 0 1 1
0 1 1 0 0 0 0 1
0 1 0 1 0 1 0 1
1 1 1 1 0 1 1 1
1 1 1 1 0 0 1 1
1 1 0 1 0 0 0 1
0 1 1 0 0 0 1 1
0 1 0 1 0 1 0 1
1 0 0 1 1 1 1 0
0 0 1 1 1 0 0 0
0 1 1 1 0 0 0 1
0 0 1 1 1 1 1 1
1 1 0 1 0 0 0 1
1 1 1 1 1 1 1 1
1 1 0 1 0 0 1 1
1 0 0 0 0 0 1 1
0 1 1 1 0 0 0 1
1 1 1 1 0 0 1 1
1 1 1 1 0 1 1 1
1 1 0 1 0 1 1 1
1 0 0 1 1 1 0 0
1 0 1 0 1 0 1 0
1 0 0 1 0 1 1 1
1 1 1 0 0 1 1 1
1 1 0 1 0 1 1 1
1 0 0 1 0 1 1 1
1 1 1 1 0 0 1 1
1 1 0 1 0 0 1 1
1 1 1 1 1 0 1 1
1 0 1 0 1 0 1 1
1 1 1 1 0 0 1 1
0 1 1 1 0 0 1 1
0 1 0 1 1 0 0 1
1 1 1 0 0 0 1 1
0 0 1 1 0 0 1 1
0 0 1 1 0 1 1 0
0 1 1 1 0 0 0 1
0 0 0 1 0 1 1 1
0 1 0 1 0 0 1 1
0 1 1 1 0 0 1 1
1 1 1 0 0 0 1 1
0 0 0 1 1 1 1 0
0 0 1 1 1 1 1 0
0 1 1 1 1 0 1 1
1 0 1 1 0 1 1 1
1 1 1 1 1 1 0 1
1 1 1 0 0 0 0 1
1 0 1 0 0 1 0 1
0 0 1 1 1 1 1 0
0 1 0 1 0 1 1 1
1 1 1 1 0 0 1 1
1 1 0 1 0 0 0 1
1 1 0 1 0 0 0 1
1 1 0 1 1 0 1 1
0 0 0 1 0 1 1 0
0 1 1 1 1 1 1 1
0 1 1 1 0 1 1 1
0 0 1 1 1 0 1 1
1 1 1 1 1 0 1 1
0 1 1 0 1 0 1 1
0 1 0 1 0 1 1 1
0 1 1 1 0 0 1 1
1 0 1 1 0 1 0 1
0 0 0 0 1 0 1 0
0 1 1 1 0 0 0 1
1 0 0 1 0 1 0 0
0 1 1 1 0 1 1 1
1 1 0 1 1 0 0 1
0 0 0 1 0 0 1 0
0 1 1 0 0 0 0 1
0 1 0 1 0 0 1 1
0 1 1 1 0 0 0 1
0 1 1 1 0 1 1 1
0 0 0 0 1 0 0 0
0 1 0 1 0 0 0 1
1 0 1 0 1 0 0 1
1 0 1 1 0 1 1 1
0 0 1 1 0 1 1 0
1 1 1 0 0 0 1 0
1 1 1 1 0 1 1 1
1 0 1 1 0 1 1 0
1 1 1 1 0 1 1 1
0 1 0 1 0 0 1 1
1 1 1 0 1 0 1 1
0 1 1 1 1 1 1 1
0 1 0 1 0 0 0 1
0 1 1 0 0 0 1 1
1 1 1 0 0 0 1 1
1 1 1 1 0 1 0 1
0 1 0 1 0 1 1 1
0 1 1 1 0 1 1 1
1 0 0 1 1 1 0 0
1 1 1 1 0 1 1 1
1 1 0 1 0 0 1 1
0 1 1 1 1 0 0 1
1 1 0 1 0 1 1 1
0 1 1 1 0 0 1 1
1 0 0 1 1 0 1 0
1 1 1 1 1 0 1 1
1 1 1 1 0 0 0 1
0 1 1 1 1 1 1 1
1 1 1 0 0 0 1 1
1 1 1 1 0 0 0 0
0 1 1 1 0 1 0 1
1 0 1 0 1 0 1 0
1 1 0 0 1 1 1 1
1 1 0 1 0 1 1 1
1 0 1 1 0 1 1 1
0 0 1 1 0 0 1 0
1 1 0 1 1 1 0 1
0 1 1 1 0 1 1 1
1 1 0 1 0 1 1 1
1 1 1 1 0 1 1 1
1 0 0 1 1 0 0 0
0 1 1 1 0 0 1 1
0 1 0 1 1 1 0 1
1 1 1 1 0 0 1 1
1 1 1 1 0 0 1 1
1 1 0 1 0 1 0 1
0 1 0 1 0 0 1 0
0 1 0 1 0 0 1 1
1 1 1 1 0 1 1 1
0 1 1 0 0 0 1 1
0 0 1 0 0 0 1 1
1 1 0 0 1 0 1 1
1 1 0 1 0 0 1 1
0 1 0 1 0 0 1 1
1 1 1 1 0 0 1 1
0 0 0 1 0 1 1 1
0 0 1 1 1 0 1 0
1 1 1 1 0 1 0 1
0 0 1 1 0 0 0 1
1 0 1 1 0 1 0 1
1 1 1 1 0 1 1 1
0 1 1 1 0 0 1 1
0 1 1 1 1 0 1 1
0 1 0 1 0 1 1 1
1 1 1 1 0 1 1 1
1 0 1 1 0 1 1 1
0 1 1 1 0 0 1 1
0 0 0 1 0 1 0 1
0 1 1 1 1 1 1 1
0 1 1 0 0 0 1 1
1 0 1 1 1 0 1 1
0 1 0 1 1 1 0 1
1 1 1 1 0 1 1 1
1 1 0 0 0 0 1 1
1 0 1 1 1 1 1 1
1 0 0 1 0 1 1 1
1 1 0 1 0 1 1 1
1 1 1 1 0 0 1 1
1 1 1 1 0 1 1 1
0 0 1 1 0 1 1 1
0 0 0 1 0 0 0 1
0 1 0 1 0 1 1 1
0 0 1 1 1 1 1 0
0 0 1 1 1 0 1 1
1 1 1 1 0 1 1 1
0 1 0 1 1 0 1 1
1 1 0 1 1 0 1 1
1 1 1 1 0 0 1 1
1 1 0 1 0 0 1 1
1 1 1 1 0 0 0 1
0 0 1 1 1 0 1 1
1 1 1 1 1 0 1 1
1 1 1 1 0 0 0 1
0 1 1 1 1 0 1 1
0 1 1 1 1 1 1 1
0 0 1 1 0 0 1 1
1 1 0 1 0 0 1 1
1 1 1 0 0 0 0 1
0 1 0 0 0 0 0 1
0 1 0 1 1 0 1 1
0 0 1 0 0 0 1 1
0 1 1 1 0 0 1 1
1 1 1 1 0 0 0 1
1 0 0 1 0 1 1 1
0 1 1 1 0 0 1 1
1 0 1 1 1 1 1 0
1 1 1 1 0 1 0 1
0 0 0 1 0 0 0 0
1 1 1 1 1 1 1 1
0 1 1 1 0 0 1 1
0 1 1 1 0 1 1 1
0 1 1 1 0 1 1 1
0 1 0 1 0 0 0 1
1 0 0 1 0 1 0 1
0 1 0 1 0 1 0 1
1 1 1 1 0 1 1 1
1 1 1 1 0 1 1 1
0 1 1 1 1 0 1 1
0 1 1 1 1 1 1 1
0 1 1 1 0 0 1 1
0 1 0 1 0 0 1 1
1 1 0 1 0 0 1 1
1 1 0 1 0 0 1 1
1 1 1 1 1 1 1 1
0 0 0 0 1 0 0 0
0 0 1 1 0 1 1 1
1 1 1 1 0 1 0 1
1 1 1 0 0 0 0 1
0 1 0 0 0 0 0 1
0 0 1 0 0 0 1 1
0 0 1 1 0 0 1 1
1 0 0 1 0 1 1 0
1 1 0 1 1 1 1 1
0 1 1 1 0 0 1 1
0 1 0 1 0 1 1 1
0 1 1 1 0 1 1 1
0 0 1 1 0 1 0 0
0 0 1 1 1 1 1 1
0 0 1 1 1 1 1 1
0 0 1 1 0 1 1 1
0 0 0 1 0 1 0 1
0 1 0 1 0 0 0 0
1 1 0 1 1 1 1 1
1 1 0 1 1 0 1 1
0 1 1 1 1 1 1 1
1 1 1 0 0 1 1 1
0 1 1 1 0 0 1 1
0 0 1 1 1 1 1 0
1 1 1 1 0 1 1 1
0 0 1 0 0 0 1 1
1 1 0 0 0 0 0 1
1 0 1 1 1 1 1 0
0 1 1 1 0 0 0 1
0 1 1 1 0 0 1 1
1 1 0 1 0 1 0 1
1 1 1 1 0 0 1 1
1 1 0 1 0 1 0 1
0 1 0 1 1 0 1 1
0 1 1 0 0 0 1 1
0 1 1 1 0 0 1 1
1 1 0 1 0 0 0 1
0 1 1 0 0 0 1 1
0 1 0 1 1 0 1 0
0 1 0 1 0 0 1 1
0 1 1 1 1 0 1 1
0 1 1 0 0 0 1 1
1 0 1 1 0 1 1 1
1 0 0 0 0 0 0 0
1 0 0 1 1 0 0 0
0 1 0 0 0 0 0 1
0 1 1 1 0 1 0 1
0 0 1 1 0 1 1 1
0 0 0 0 1 0 0 0
1 0 1 1 1 1 1 0
1 1 1 1 0 0 0 1
1 1 0 1 1 0 1 1
0 1 1 1 0 0 1 1
1 1 1 1 0 0 1 1
0 0 0 1 1 1 1 0
1 1 0 1 0 1 0 1
1 0 1 0 0 0 1 1
1 0 1 1 0 1 0 1
0 1 1 1 1 0 1 1
1 0 0 1 0 0 1 0
1 0 0 1 1 1 1 0
1 1 1 1 0 1 0 1
1 0 0 1 1 1 1 0
0 1 1 0 1 0 0 1
0 1 1 0 1 0 1 1
0 1 1 1 0 0 0 1
0 0 1 1 0 1 1 1
1 1 1 1 1 0 1 0
1 1 1 0 0 0 1 1
1 1 1 1 1 1 1 1
1 1 0 0 0 0 1 1
0 1 1 1 0 0 1 1
1 0 1 1 0 1 1 1
0 0 0 1 0 0 1 1
1 1 1 0 0 1 0 1
1 0 0 1 1 0 0 1
0 1 1 1 0 1 1 1
1 0 0 1 1 0 1 0
1 1 1 0 0 0 0 1
0 1 1 1 0 0 1 1
1 0 1 1 1 1 1 1
1 1 1 1 0 1 1 1
0 1 1 1 0 1 1 1
0 0 1 1 0 0 0 1
0 1 1 1 0 0 1 1
0 1 1 1 0 1 1 1
1 1 1 1 0 1 1 1
0 0 0 1 0 0 1 1
1 1 0 1 0 1 0 1
1 0 1 1 1 0 1 0
1 1 1 1 1 1 0 1
1 0 1 1 0 1 1 1
0 0 0 1 1 1 1 0
1 1 0 1 1 1 1 1
1 1 0 0 1 0 0 1
1 1 1 0 0 0 1 1
1 0 1 1 0 0 1 1
1 1 0 1 0 0 0 1
0 0 1 1 0 1 1 1
0 1 1 1 0 1 0 1
1 1 1 1 1 0 1 1
1 1 1 1 0 1 1 1
0 1 1 1 0 0 1 1
1 1 0 1 0 1 1 1
0 1 1 1 0 1 1 1
1 1 1 1 0 0 1 0
1 1 1 0 0 0 1 1
0 1 0 1 0 0 1 1
1 1 0 1 0 0 0 1
1 0 0 1 1 1 1 1
0 1 1 1 0 0 1 1
0 1 1 1 0 1 1 1
0 1 1 1 0 0 1 1
1 1 1 1 0 1 0 1
1 0 0 1 0 1 1 0
1 1 0 1 0 1 0 1
1 1 1 1 0 1 0 1
0 1 1 1 0 1 0 1
1 1 0 0 0 0 1 1
0 1 1 1 1 1 1 1
0 0 0 1 1 0 0 0
0 0 0 1 0 0 0 1
0 1 1 1 1 1 1 1
1 1 1 1 0 1 1 1
1 0 1 1 0 1 1 1
0 1 1 1 0 1 1 1
1 1 0 0 0 1 0 1
0 1 1 1 1 1 1 1
1 1 1 0 0 0 1 1
1 1 1 1 0 1 1 1
1 0 1 0 1 0 1 0
1 1 0 1 0 1 0 1
0 1 1 1 0 1 1 1
1 1 1 0 1 0 1 1
1 0 0 1 0 1 1 0
0 1 0 1 0 0 0 1
0 1 0 1 1 1 1 1
1 1 1 1 0 1 1 1
0 1 0 1 0 0 1 1
1 1 1 1 1 1 1 1
0 1 0 1 0 0 0 0
1 1 1 1 0 0 0 1
1 1 1 1 1 0 1 0
0 1 1 0 0 0 1 1
0 1 1 0 0 0 0 1
0 1 1 1 1 1 1 1
0 1 1 1 0 0 1 1
0 1 1 1 0 0 0 1
0 0 1 1 0 1 1 1
1 1 1 1 0 1 1 1
1 0 0 1 1 0 0 0
1 0 1 1 0 1 1 1
1 1 0 1 1 1 1 1
1 1 1 1 0 0 1 1
1 1 1 0 0 1 0 1
1 0 1 1 0 1 1 1
0 1 0 1 0 1 0 1
1 1 1 0 0 0 1 1
0 1 1 1 0 0 1 1
1 1 1 1 0 1 1 1
1 1 1 1 0 0 1 1
0 1 0 1 1 0 1 1
1 1 1 1 0 1 1 1
0 1 0 1 0 1 1 1
0 1 0 0 0 1 1 1
0 0 0 1 1 1 0 0
1 1 1 0 1 0 1 0
0 0 0 1 0 0 1 1
0 1 1 1 0 0 1 1
0 0 0 0 1 0 1 0
1 0 1 1 1 1 1 0
1 1 1 1 0 1 0 1
0 1 1 1 0 0 1 1
1 0 1 0 0 0 1 1
0 1 1 1 0 0 1 1
0 1 1 1 0 0 1 1
1 1 0 1 0 1 0 1
1 1 1 1 1 1 0 1
1 1 1 0 1 0 1 1
0 1 0 0 1 0 0 0
1 1 1 1 0 0 1 1
1 1 1 1 0 0 1 1
1 1 1 1 0 0 1 1
0 1 0 1 0 0 0 1
1 1 1 0 0 0 1 1
1 1 0 1 1 1 0 1
1 1 1 0 0 1 0 1
0 1 1 1 1 0 1 1
1 1 1 1 0 1 1 1
0 0 0 1 0 1 1 0
1 0 0 1 1 0 0 0
1 1 1 1 0 1 1 1
1 0 0 1 1 1 1 0
0 1 1 1 0 1 0 1
0 1 1 0 0 0 1 1
1 1 0 1 1 0 1 1
0 1 1 1 0 1 1 1
0 1 0 0 0 0 1 1
1 1 1 1 0 1 0 1
0 0 0 1 0 0 0 0
1 0 1 1 0 1 0 1
1 1 1 0 0 0 1 1
1 0 0 1 0 1 1 1
0 1 0 1 0 0 0 1
0 1 1 0 0 0 1 1
0 0 0 1 0 0 1 0
1 1 1 1 0 0 1 1
0 1 1 1 0 0 0 1
0 1 1 0 1 0 1 1
0 1 0 1 0 1 1 1
0 1 1 1 0 1 1 1
1 1 1 1 0 1 1 1
0 0 1 0 0 0 1 1
1 1 0 1 0 1 1 1
1 1 0 1 0 1 0 1
1 0 1 1 0 1 0 1
0 1 1 1 0 1 1 1
1 0 1 1 0 0 1 1
0 1 1 1 0 1 1 1
1 1 1 0 0 0 0 1
1 1 1 1 0 1 1 1
0 0 0 0 1 0 0 0
0 0 1 1 0 0 1 1
0 1 0 1 0 0 0 1
0 1 0 1 0 0 0 1
0 1 1 1 0 1 0 1
1 1 0 1 0 1 1 1
1 1 1 1 0 0 1 1
0 1 1 1 0 1 0 1
1 1 1 1 0 0 1 1
0 1 0 1 0 1 1 1
0 0 0 1 1 0 0 0
1 0 1 1 0 1 1 1
1 0 1 0 1 0 1 1
1 0 0 0 1 1 1 0
1 1 1 0 1 0 0 1
0 0 1 1 0 1 0 1
1 1 1 1 0 0 1 1
1 1 1 1 0 1 0 1
1 1 1 1 0 0 1 1
1 0 0 1 1 1 1 1
0 1 0 1 1 0 1 1
1 1 0 1 1 1 0 1
1 0 1 1 0 0 0 1
1 0 0 1 0 1 0 1
0 1 0 1 0 0 1 1
0 0 1 1 0 1 1 1
0 1 0 1 1 1 1 1
0 0 0 1 0 0 0 1
0 1 1 1 0 0 1 1
1 1 1 0 1 0 1 1
0 1 1 1 1 0 1 1
1 1 1 1 0 1 1 1
0 1 0 0 1 0 1 0
0 1 0 1 0 0 1 1
1 0 0 1 0 1 1 1
1 0 1 1 1 1 1 1
0 0 0 1 1 1 1 0
0 0 1 1 0 0 1 1
1 1 1 0 0 0 1 1
1 1 0 0 0 1 0 1
1 1 1 1 0 1 1 1
0 1 1 0 0 0 1 1
1 1 1 1 0 0 0 1
0 0 1 1 0 1 1 1
0 1 1 0 1 0 1 1
0 1 0 1 0 0 1 1
0 1 1 1 0 1 0 1
0 1 0 1 1 0 0 1
1 1 0 0 1 0 1 1
1 1 1 0 1 0 1 1
1 0 1 1 1 1 1 0
0 1 1 1 0 0 1 1
1 1 1 1 0 0 1 1
1 1 0 1 0 1 1 1
0 1 1 1 0 0 1 1
1 0 1 1 1 0 1 0
1 0 1 0 0 0 1 1
1 1 1 1 0 1 1 1
1 1 1 1 0 0 1 1
1 0 1 0 0 0 1 1
0 1 0 1 0 0 0 1
0 0 0 1 1 1 1 1
0 1 0 1 0 1 1 1
1 1 1 1 0 0 0 1
1 0 1 1 0 1 1 1
0 1 0 1 0 0 1 0
1 1 0 1 0 0 0 1
0 0 1 1 1 1 0 0
1 1 1 1 0 1 1 1
0 1 1 1 1 1 1 1
1 1 1 1 0 0 1 1
1 1 1 1 1 1 1 1
1 1 0 1 0 1 1 1
1 1 1 0 0 0 0 1
1 0 0 0 1 1 1 1
1 1 0 1 1 1 1 1
1 0 0 1 0 1 0 1
1 1 1 1 0 1 1 1
1 0 1 0 1 1 1 0
1 1 1 1 0 1 1 1
0 0 0 1 1 1 1 0
0 0 0 1 0 0 1 0
1 0 0 1 1 0 1 0
0 1 1 1 1 0 1 1
1 0 1 0 0 0 1 1
1 1 1 0 0 0 1 1
0 1 1 1 0 0 1 1
1 0 1 1 0 1 1 0
0 0 0 1 0 0 1 1
0 1 1 1 0 0 1 1
0 1 1 1 0 1 1 1
1 0 1 1 1 1 0 1
1 1 1 0 0 0 1 1
0 0 1 1 1 0 1 1
1 1 1 1 1 0 1 0
1 1 1 1 0 1 1 1
0 1 0 1 0 0 0 1
1 1 1 1 1 1 1 1
1 1 1 1 0 1 1 1
0 0 1 1 1 1 1 1
1 1 1 1 0 0 0 1
1 1 1 1 0 0 0 1
0 0 0 1 1 0 1 0
0 1 1 1 0 0 1 1
0 1 1 1 0 0 1 1
0 0 0 0 1 0 1 0
1 1 0 1 0 1 1 1
1 1 0 1 0 0 1 1
0 0 0 1 0 1 0 1
1 0 0 1 0 1 1 1
0 1 1 1 1 0 1 1
0 0 1 0 0 0 0 1
0 1 1 0 0 0 1 0
0 1 1 1 1 0 1 1
1 1 1 0 0 1 1 1
1 0 0 1 0 1 0 0
0 1 0 1 1 0 0 1
1 0 1 0 0 0 1 1
0 1 1 0 0 0 1 1
1 1 0 0 1 0 1 1
0 1 1 1 0 0 1 1
0 1 1 0 0 0 1 1
1 1 1 1 1 1 1 1
1 1 0 1 0 1 1 1
1 1 1 1 0 0 0 1
1 1 1 1 0 0 1 1
1 1 1 1 1 0 1 1
1 1 0 1 1 0 1 1
0 1 1 1 0 0 1 1
1 1 0 0 0 0 1 1
1 1 1 1 0 1 1 1
1 1 1 1 0 0 1 1
1 1 1 1 1 1 1 1
0 0 0 0 0 0 0 1
0 1 0 1 0 0 1 1
0 0 0 1 1 1 1 1
0 0 1 1 1 1 1 1
0 0 1 1 0 0 0 1
0 1 0 1 0 1 0 1
1 1 1 1 0 1 1 1
1 1 0 1 0 1 1 1
1 1 0 0 0 1 1 1
1 1 1 1 1 0 1 1
0 1 1 1 0 1 0 1
0 1 1 1 0 1 0 1
1 1 0 1 0 0 1 1
1 1 0 1 0 0 0 1
1 1 1 0 1 1 1 1
0 1 1 1 0 0 1 1
0 1 1 1 0 0 0 1
0 1 1 1 1 1 1 1
1 0 0 1 1 0 0 0
0 1 0 1 0 0 1 1
0 1 1 1 0 1 1 1
1 0 0 1 1 1 1 0
0 1 0 1 0 0 1 1
0 1 1 0 0 0 1 1
1 1 1 1 0 1 1 1
0 1 1 1 1 1 0 1
1 1 1 1 0 1 1 1
0 1 1 1 0 0 1 1
1 1 1 0 0 0 0 1
0 1 1 1 0 0 1 1
0 0 1 1 0 1 1 1
0 0 1 1 0 1 1 1
0 1 1 1 0 0 1 1
0 1 1 1 0 0 1 1
0 0 1 1 0 0 1 0
0 0 1 0 1 0 1 0
0 1 0 0 1 0 1 0
0 1 0 1 0 1 0 1
0 1 0 0 0 0 1 1
1 0 1 1 1 1 0 0
1 1 1 0 0 0 1 1
0 1 1 1 1 0 1 1
0 0 1 1 1 1 1 0
0 0 1 1 0 1 1 1
0 0 0 1 1 1 1 0
1 1 1 1 1 0 1 1
0 0 0 1 0 1 0 1
1 1 0 1 0 0 1 1
0 1 0 1 0 0 0 1
1 0 1 1 1 1 1 1
1 0 0 1 1 1 1 0
1 1 1 1 0 1 0 1
0 0 1 1 0 0 1 1
1 0 1 1 0 1 1 1
0 1 1 0 0 0 1 1
0 0 0 1 0 1 0 1
1 0 1 1 1 1 1 1
0 0 1 1 0 0 1 1
1 0 1 1 1 1 1 0
0 0 1 1 0 1 1 1
1 1 0 0 0 1 0 1
0 0 1 0 0 0 1 0
0 0 0 1 1 1 1 0
0 0 1 1 1 0 1 0
1 1 1 0 1 0 1 0
0 1 1 1 0 1 1 1
0 1 1 1 0 0 1 1
0 1 0 0 0 0 1 1
0 1 1 1 1 0 1 1
0 1 1 1 0 0 1 1
0 1 1 1 0 1 1 1
1 1 1 1 1 0 0 1
1 0 0 0 1 0 1 0
0 1 0 1 1 0 1 1
0 1 1 0 0 0 0 1
1 1 0 1 0 1 1 1
1 1 1 1 0 0 1 1
0 0 0 1 1 0 0 1
1 1 1 0 0 0 1 1
1 0 0 1 0 1 0 1
0 0 1 1 0 0 1 1
1 1 1 0 0 0 1 1
1 1 1 0 0 0 1 1
0 1 1 1 0 0 1 1
0 0 1 0 1 0 0 0
1 1 1 1 1 1 1 1
1 1 1 1 0 1 1 1
1 0 0 1 1 1 1 0
1 1 1 1 0 1 1 1
1 0 1 1 0 1 1 1
1 1 1 1 1 1 0 1
1 1 1 1 0 1 1 1
0 1 1 1 0 0 1 1
0 0 1 0 1 0 1 1
1 1 1 1 0 1 1 1
0 1 1 1 0 0 1 1
1 1 1 1 0 1 1 1
0 1 1 1 1 1 1 1
0 1 1 1 0 0 0 1
1 1 0 0 0 0 0 1
1 1 1 0 0 0 1 1
0 0 1 1 0 1 0 1
0 1 1 1 0 0 1 0
0 0 0 0 1 0 0 0
1 1 1 0 1 0 0 0
1 1 1 1 0 0 1 1
1 0 0 1 0 0 1 0
1 1 0 1 1 1 1 1
1 1 0 1 0 1 0 1
0 0 1 1 0 1 1 1
0 1 1 1 0 0 1 1
0 0 0 1 0 1 1 0
1 0 1 1 1 1 1 0
0 1 1 1 1 1 1 1
1 1 1 1 0 0 1 1
0 1 1 1 1 0 1 1
0 0 0 1 1 1 1 0
1 1 1 1 1 0 1 0
0 0 0 1 0 0 1 0
0 0 1 1 0 1 1 1
1 1 1 0 0 0 1 1
0 1 1 1 0 0 1 1
0 1 1 1 1 0 1 1
0 1 1 1 0 0 1 1
1 1 1 0 0 0 0 1
0 1 0 0 1 0 1 1
0 1 1 1 0 0 1 1
1 1 1 1 0 1 1 1
1 1 0 1 0 1 0 1
1 1 0 1 0 0 1 1
0 1 1 0 0 0 1 1
1 1 1 0 0 1 1 1
0 0 0 1 1 0 0 0
0 0 0 1 1 0 0 0
1 1 0 1 1 1 1 1
0 0 0 1 0 1 1 1
0 1 0 0 0 0 0 1
1 1 0 1 0 1 1 1
1 1 1 1 1 0 1 0
0 0 1 1 0 1 1 1
0 1 0 1 0 0 1 1
1 1 1 1 0 1 1 1
0 1 1 1 0 0 1 1
0 1 1 1 0 1 1 1
0 1 1 0 1 0 1 1
0 1 1 1 0 0 1 1
0 1 1 0 1 0 1 1
0 1 1 1 0 0 0 1
0 1 0 0 0 0 1 1
1 0 1 0 0 0 1 0
0 1 1 1 0 0 0 1
0 1 1 1 1 0 1 1
1 1 1 1 0 1 1 1
0 0 1 1 0 1 1 1
1 1 0 1 0 0 1 1
1 1 1 1 0 1 1 1
1 1 0 1 0 1 0 1
1 1 1 1 0 0 1 1
1 1 1 1 1 1 1 1
1 1 1 1 0 0 1 1
1 1 1 1 0 0 1 1
1 1 1 1 0 1 1 1
1 1 1 1 0 1 1 1
1 0 0 1 0 1 0 1
0 1 0 1 0 0 1 1
0 0 0 1 0 0 1 1
1 1 0 1 0 1 0 1
0 1 0 1 0 0 1 1
1 1 1 1 0 0 1 1
0 1 1 1 0 0 1 1
0 1 1 0 0 0 1 1
1 1 1 0 0 0 1 1
1 1 0 1 0 1 0 1
1 1 1 1 0 1 1 1
0 0 1 1 0 1 1 1
0 1 1 1 1 0 1 1
1 1 1 1 0 1 0 1
1 0 0 1 1 1 1 0
0 0 1 0 0 0 0 1
0 1 1 0 0 0 1 1
0 1 0 1 0 1 0 1
0 1 0 0 0 0 1 1
0 0 1 1 0 1 0 1
0 0 0 1 1 1 0 0
1 1 1 1 0 0 1 1
1 1 1 1 0 0 1 1
1 1 1 1 0 1 0 1
0 1 0 1 1 0 1 1
0 1 0 0 0 0 1 1
1 1 1 1 0 1 1 1
0 1 0 1 1 0 0 1
1 1 1 1 0 1 1 1
0 1 1 1 1 1 1 1
1 1 1 1 0 1 0 1
1 1 1 1 0 1 1 1
0 1 1 1 1 1 1 1
1 1 1 1 0 0 1 1
0 1 1 1 0 1 0 1
1 1 0 1 0 0 1 1
1 1 1 1 0 0 1 1
1 1 0 1 0 1 0 1
0 1 0 1 0 0 0 1
1 1 1 1 0 1 1 1
0 1 1 1 0 1 1 1
1 1 1 1 0 0 0 1
0 0 1 1 0 1 1 0
0 1 0 1 0 0 0 1
0 1 1 1 0 0 1 1
0 1 1 1 0 1 0 1
0 0 1 1 1 0 1 1
1 1 1 1 1 0 1 1
1 1 1 1 0 1 1 1
0 1 0 0 1 0 1 0
0 1 0 1 1 0 1 1
0 0 1 1 0 0 1 0
1 1 0 1 0 0 1 1
0 1 1 1 1 0 1 1
0 0 1 1 0 0 1 1
1 1 1 0 0 0 0 1
1 1 0 1 1 1 1 1
0 1 1 1 0 0 1 1
0 1 1 0 0 0 1 1
0 1 1 1 0 0 0 1
1 0 0 1 1 1 0 0
1 1 0 1 1 0 0 0
0 1 1 1 1 0 1 0
0 1 0 1 0 0 0 1
1 1 1 0 0 1 1 1
0 0 1 1 1 1 1 1
0 1 0 1 0 1 0 1
1 1 1 1 0 1 1 1
0 0 1 0 0 0 1 1
0 1 1 1 0 0 1 1
1 1 0 1 0 0 0 1
0 0 1 1 0 0 1 0
1 1 1 0 0 0 1 1
1 0 0 1 0 1 0 1
0 0 0 1 1 0 1 0
1 1 1 1 0 0 1 1
0 1 1 1 0 0 1 1
0 1 1 1 1 1 1 1
0 1 1 1 0 0 1 1
0 1 1 1 1 0 1 1
1 1 1 1 1 0 1 1
1 0 1 1 1 1 1 0
1 1 1 1 0 1 1 1
0 1 1 1 0 1 1 1
1 1 0 1 1 1 0 1
0 1 1 1 1 0 1 1
1 0 1 1 1 1 1 0
0 0 0 1 1 1 0 0
0 1 1 1 0 1 0 1
0 0 0 0 1 0 1 0
0 0 1 1 1 1 1 0
0 1 1 1 0 0 1 1
0 0 1 1 1 1 1 1
0 1 0 1 0 1 1 1
1 1 1 1 0 1 1 1
0 0 1 1 0 0 1 1
0 1 1 1 0 1 1 1
1 0 0 1 1 0 0 0
1 1 1 1 0 1 0 1
1 1 1 1 0 1 1 1
0 1 1 1 0 0 1 1
0 1 0 1 1 0 1 1
1 1 0 1 0 1 1 1
1 1 0 0 0 0 1 1
0 1 1 0 0 0 0 1
0 1 1 1 0 1 1 1
0 0 0 1 1 1 1 0
0 0 0 1 0 1 1 0
1 1 1 1 0 1 1 1
0 1 1 1 1 1 1 1
1 1 1 1 0 1 1 1
0 0 0 0 0 0 0 0
1 1 1 1 0 0 1 1
1 1 1 0 1 1 1 1
0 1 1 0 1 0 1 1
1 0 1 1 0 0 1 0
0 1 0 1 1 0 1 0
0 1 0 1 0 1 0 1
0 0 0 1 1 1 0 0
0 1 1 0 0 0 1 1
1 1 1 0 0 0 0 1
0 1 0 0 0 0 1 1
1 0 0 1 1 1 1 0
1 1 1 1 1 1 1 1
0 1 1 1 0 1 1 1
0 0 0 1 0 1 1 0
1 1 1 1 0 1 1 1
1 1 0 0 0 0 1 1
0 1 0 1 0 0 0 1
0 1 1 1 0 1 1 1
0 1 1 1 0 0 0 1
0 1 1 1 0 1 1 1
0 1 1 0 0 0 1 1
0 0 0 1 1 1 0 0
1 1 1 1 0 1 1 1
0 1 0 0 0 0 0 0
1 1 1 1 0 1 0 1
0 1 0 1 0 0 0 1
0 1 1 1 0 1 1 1
1 1 1 1 0 1 1 1
1 1 0 1 0 1 0 1
0 1 1 1 0 0 1 1
0 0 1 1 0 1 0 1
0 1 1 1 0 0 1 1
0 1 1 1 1 1 0 1
1 0 1 1 1 1 0 1
1 1 1 0 0 0 1 1
1 0 1 1 0 1 0 1
1 1 0 1 1 1 0 1
1 1 0 1 0 1 1 1
1 1 1 1 0 0 1 1
1 1 1 0 0 1 0 1
1 1 0 0 0 0 1 1
1 1 1 1 0 1 1 1
1 1 1 0 1 0 1 1
0 1 1 1 0 1 1 1
0 1 1 0 1 0 1 1
1 1 1 1 0 0 1 1
0 1 1 0 0 0 1 1
1 0 1 1 0 1 1 1
1 0 1 1 1 1 1 0
0 1 1 1 0 0 1 1
0 1 0 1 1 0 1 1
1 0 1 1 0 1 1 1
1 1 0 1 1 1 0 1
1 1 0 1 1 0 0 1
1 1 0 1 1 0 0 1
1 0 1 1 0 1 1 1
0 1 1 1 0 0 1 1
0 1 0 0 0 0 1 1
1 0 1 1 1 1 1 0
1 0 0 1 0 1 1 0
0 1 0 1 0 0 0 1
1 1 1 1 0 0 0 1
0 1 0 1 0 0 1 1
0 1 1 1 0 0 0 1
0 1 1 1 0 1 1 1
0 1 1 0 0 0 0 1
1 1 1 1 0 1 1 1
0 1 1 1 0 1 1 1
0 1 1 0 0 0 1 1
1 1 1 1 1 1 1 1
0 1 1 1 0 0 0 1
1 1 1 1 1 1 1 1
1 1 0 1 0 0 1 1
0 0 0 1 0 0 1 0
0 1 1 1 1 0 1 1
0 1 0 1 0 0 1 1
0 1 1 0 1 0 1 1
1 0 0 1 1 0 1 0
0 0 1 1 0 1 1 1
0 0 0 1 1 1 0 0
1 1 1 0 0 1 1 1
0 1 1 1 0 0 1 1
1 1 1 1 0 0 1 1
0 1 1 0 0 0 0 1
0 0 1 0 0 0 1 1
0 0 1 1 0 0 1 1
0 0 1 0 0 0 1 1
0 1 0 0 1 0 1 1
1 1 0 1 1 1 1 1
0 1 1 0 1 0 1 1
1 1 1 1 1 1 1 1
0 1 1 0 1 0 1 1
0 0 0 1 0 1 1 0
0 1 1 1 0 0 1 1
0 0 0 1 1 0 0 0
0 1 1 0 1 0 1 1
0 1 1 1 0 1 1 1
0 1 1 1 0 0 1 1
0 0 1 1 0 0 1 1
0 0 0 1 0 1 1 1
1 1 1 1 1 1 1 1
0 1 0 1 0 0 0 1
1 1 1 1 0 1 1 1
0 1 0 1 0 0 0 1
1 1 0 1 0 1 1 1
0 1 1 1 0 0 1 1
1 1 1 1 0 0 1 1
0 0 1 1 0 1 1 1
0 1 0 1 0 0 0 1
0 1 1 1 0 0 1 1
0 1 1 1 0 0 1 1
0 1 1 1 1 0 1 1
0 1 0 0 1 0 1 1
1 1 1 0 1 1 1 1
0 1 0 1 1 0 1 0
1 0 0 1 1 0 1 0
1 1 0 1 0 0 1 1
0 0 1 1 1 1 1 0
0 1 1 1 0 0 1 1
0 0 1 1 1 1 0 0
1 1 1 1 0 0 0 1
1 1 1 1 1 0 1 1
0 0 1 1 1 0 1 0
1 0 0 1 0 0 0 0
0 1 1 1 0 0 1 1
0 1 1 0 0 0 1 1
0 1 1 1 0 1 1 1
0 0 0 1 1 0 0 0
0 1 1 1 0 0 1 1
1 1 1 1 0 1 1 1
0 1 1 1 0 0 1 1
1 1 1 0 0 0 1 1
1 1 1 1 0 0 1 1
1 0 0 1 1 1 1 0
1 0 0 1 1 0 0 0
0 0 1 0 0 0 1 1
0 1 0 1 0 0 1 1
1 0 1 1 1 0 1 0
1 1 1 1 0 1 1 1
1 0 1 0 0 0 1 1
0 1 1 1 0 0 0 1
1 1 1 1 0 1 1 1
0 1 1 1 0 1 1 1
0 1 0 1 0 1 1 1
1 1 0 1 0 1 0 1
0 0 1 1 0 0 1 1
1 1 0 1 0 0 0 1
0 0 0 1 0 0 0 0
1 0 1 1 1 1 1 1
1 1 1 1 1 1 1 1
0 0 1 1 1 1 0 1
1 0 1 1 0 0 1 1
1 1 1 1 1 0 1 1
1 1 0 1 0 1 1 1
1 1 0 0 0 0 0 1
0 1 0 1 1 0 1 1
1 1 1 0 0 0 1 1
0 1 1 1 0 0 1 1
1 0 0 0 1 0 1 0
0 1 1 1 1 0 1 1
0 1 1 1 0 0 1 1
1 1 1 0 1 1 1 1
1 0 0 0 1 0 0 0
1 1 0 1 0 1 0 1
1 1 1 1 0 0 1 1
1 1 1 1 0 1 1 1
1 0 1 1 0 1 1 1
0 1 0 1 0 1 0 1
1 1 0 1 0 0 0 1
1 1 1 0 0 1 1 1
1 0 0 0 0 0 1 1
1 1 1 1 1 0 1 1
0 1 0 1 1 1 1 1
0 1 1 1 0 0 0 1
0 1 1 0 0 0 1 1
0 1 0 1 1 0 1 1
0 1 0 1 1 1 0 1
1 0 1 1 1 1 1 0
0 1 1 1 0 0 0 1
1 1 1 1 0 1 1 1
1 1 0 1 0 0 0 1
0 1 1 1 0 0 1 1
0 1 1 0 0 0 0 1
0 1 0 1 0 1 1 1
0 0 0 1 0 1 1 0
0 0 0 1 1 0 0 0
0 1 1 1 0 1 1 1
0 1 0 1 0 0 1 1
0 0 1 1 1 0 1 0
0 0 1 1 1 0 1 0
0 1 0 1 1 0 0 1
1 1 1 1 0 1 1 1
1 1 0 1 0 0 0 1
1 0 0 1 1 0 1 0
0 1 0 0 0 0 0 1
1 1 1 1 0 1 1 1
1 1 1 1 0 1 1 1
1 1 0 1 1 1 1 1
1 1 1 1 0 1 1 1
1 1 1 0 1 0 1 1
0 1 1 0 0 0 1 1
0 0 1 0 1 1 0 0
1 1 1 0 0 0 0 1
1 1 0 1 1 0 0 1
0 1 0 1 0 0 1 1
1 0 0 0 1 1 1 1
0 1 1 1 0 0 0 1
0 1 1 1 1 0 1 1
1 0 1 0 1 0 1 0
1 1 1 1 0 0 1 1
0 1 1 1 0 1 1 1
1 1 0 1 1 1 1 1
0 1 1 1 0 1 0 1
0 0 1 1 0 1 1 1
0 1 1 1 1 0 1 1
0 1 1 1 0 0 0 1
0 0 0 1 1 1 1 1
0 0 1 1 0 1 1 0
1 1 1 1 0 1 1 1
0 1 1 1 0 0 0 1
0 0 1 1 1 0 1 1
0 1 0 1 0 1 1 1
0 1 0 1 0 0 0 1
0 0 0 1 1 1 1 0
0 1 1 0 0 0 1 1
0 1 0 0 1 1 1 1
1 1 0 1 0 0 0 1
0 1 1 1 0 0 1 1
0 1 1 1 0 1 1 1
1 1 1 0 0 1 1 1
0 1 1 0 1 0 1 1
0 1 0 1 0 1 0 1
1 1 1 1 1 0 1 1
1 1 0 1 0 1 1 1
1 0 0 1 0 1 1 1
0 0 0 1 0 1 0 1
0 1 1 0 1 0 1 1
1 1 1 1 0 1 1 1
1 1 1 1 1 1 1 1
0 1 1 1 0 0 1 1
0 0 1 1 0 1 0 1
0 0 0 1 0 0 0 0
1 1 1 0 1 1 1 1
1 1 1 1 0 1 1 1
0 1 1 1 0 1 1 1
0 1 1 1 0 0 0 1
1 0 1 1 0 0 0 1
0 1 1 1 1 1 1 1
1 1 1 1 0 0 1 1
0 1 1 1 1 1 1 1
1 0 1 1 1 1 1 1
1 1 0 0 0 0 1 1
1 1 1 1 0 0 1 1
0 1 1 1 0 0 1 1
0 1 0 0 1 0 1 1
0 1 1 1 0 0 0 1
1 0 0 1 1 1 1 0
1 1 1 1 1 1 1 1
0 1 1 1 1 0 1 1
0 1 0 1 0 0 0 1
0 1 1 0 0 0 0 1
1 1 0 1 0 1 1 1
0 1 1 1 0 0 0 1
0 1 1 1 0 0 1 1
1 1 1 1 0 1 0 1
0 0 0 1 1 0 1 0
0 0 1 1 0 1 0 1
1 0 0 1 0 1 0 0
0 1 1 1 0 1 1 1
1 0 0 1 1 1 1 0
0 0 1 1 1 1 1 1
0 1 1 1 1 1 1 1
0 1 1 1 0 0 1 1
1 1 1 1 0 1 1 1
0 1 1 1 0 1 1 1
0 1 1 1 0 1 1 1
0 1 1 1 0 1 1 1
0 1 0 1 0 1 0 1
1 1 0 1 0 1 1 1
1 0 1 1 0 0 1 1
1 0 0 1 0 1 1 0
0 1 0 1 1 1 1 1
0 1 0 1 1 0 1 0
1 0 0 1 1 1 0 0
1 1 1 1 0 1 1 1
0 1 1 1 0 1 1 1
1 1 1 0 0 1 1 1
1 1 1 1 0 1 1 1
1 0 0 1 0 1 1 0
1 1 1 1 0 0 1 1
1 1 0 1 0 1 1 1
0 1 0 1 1 0 0 0
0 1 1 1 0 0 1 1
1 1 0 1 1 0 1 1
0 1 1 1 0 0 1 1
1 1 0 1 1 1 1 1
1 0 0 1 0 0 0 0
0 1 1 1 1 0 0 1
0 1 1 1 1 1 1 1
1 0 0 0 0 1 0 1
1 1 0 1 0 0 1 0
1 1 1 1 0 1 0 1
0 0 1 1 0 1 1 0
1 1 0 1 0 1 0 1
0 1 1 1 0 1 1 1
0 1 1 1 1 0 1 1
1 0 1 1 0 1 1 1
1 1 0 1 0 0 0 1
1 1 1 1 0 1 1 1
1 1 0 1 0 0 0 1
1 0 0 0 1 1 1 0
1 1 0 1 0 1 1 1
1 1 1 1 0 1 0 1
0 0 1 0 0 0 0 1
0 1 1 0 0 0 1 1
1 1 1 0 1 0 1 1
1 0 0 1 1 1 1 0
1 1 1 0 0 0 1 1
1 1 0 1 0 0 0 1
1 0 1 1 0 1 1 1
1 1 1 1 0 1 1 1
0 1 0 1 0 0 1 1
0 1 1 1 0 0 0 1
0 1 1 1 0 0 1 1
1 1 1 0 1 1 1 1
1 1 1 0 0 1 1 1
0 0 1 1 0 1 0 1
1 0 1 1 0 1 1 1
0 0 0 0 1 0 1 1
0 1 1 1 0 0 1 1
1 0 1 1 0 1 1 1
0 1 1 0 0 0 1 1
1 1 1 1 0 1 1 1
0 0 0 0 1 0 0 0
1 1 1 1 0 0 1 1
1 1 1 1 0 1 0 1
1 1 1 1 1 1 1 1
0 1 0 1 1 0 1 1
1 1 1 0 1 0 1 1
1 1 1 1 0 1 1 1
1 1 0 0 0 1 1 1
0 1 1 0 1 0 1 1
1 0 1 1 0 1 1 1
0 0 0 0 1 0 1 0
1 1 1 1 0 0 0 1
1 1 0 1 1 0 1 1
1 1 0 1 1 1 1 1
0 0 0 1 1 0 0 0
1 0 1 0 0 1 0 1
1 0 1 0 0 0 0 1
0 1 1 0 0 0 1 1
0 1 0 1 0 0 1 1
0 1 1 1 0 0 1 1
1 0 0 1 1 1 1 0
1 0 1 1 0 0 1 1
1 1 0 1 0 1 0 1
0 1 1 0 0 0 1 1
0 1 0 0 0 0 1 1
0 1 0 1 0 0 0 1
1 0 1 1 1 1 0 0
1 1 1 1 0 1 1 1
1 1 0 1 0 0 0 1
1 1 1 1 1 0 1 1
0 1 1 1 0 1 1 1
0 0 0 1 0 0 1 1
1 1 1 1 0 1 1 1
1 1 0 1 0 1 1 1
0 1 0 1 1 0 0 1
0 1 1 0 0 0 1 1
1 0 0 0 0 1 1 1
1 0 1 0 1 0 1 0
0 1 0 1 0 0 1 1
1 1 1 1 1 1 0 1
1 1 0 1 0 0 1 1
0 1 1 1 0 0 1 1
1 0 0 1 1 1 1 0
0 1 1 1 1 0 1 1
1 1 1 1 0 0 0 1
1 1 1 1 1 0 1 1
1 0 1 1 0 1 1 1
1 1 1 1 1 1 1 1
1 1 1 1 0 0 0 1
1 1 1 1 0 1 1 1
1 1 0 0 0 0 0 1
1 1 1 1 0 1 1 1
0 1 1 0 1 0 1 1
0 1 1 0 1 0 1 1
0 1 1 1 0 1 0 1
1 0 0 1 1 1 1 0
0 0 1 1 1 0 1 1
1 0 0 1 1 1 1 0
0 0 0 1 1 0 0 0
0 0 0 1 1 1 0 0
0 1 1 1 1 0 1 1
1 1 1 1 0 1 0 1
0 0 0 0 1 0 0 1
1 0 1 1 0 1 1 0
0 1 0 1 1 0 0 1
1 1 1 1 0 1 1 1
0 1 1 1 0 1 1 1
1 1 1 1 0 0 1 1
0 1 0 1 1 0 0 1
0 1 0 0 0 0 0 1
0 0 0 0 0 0 1 1
0 1 0 1 0 0 1 1
1 1 0 0 0 0 0 0
0 1 1 1 0 1 1 1
1 1 1 0 0 0 0 1
0 1 1 1 1 0 1 1
0 0 0 1 1 0 1 0
0 0 0 1 1 1 1 0
0 1 1 1 0 1 1 1
0 1 1 0 0 0 1 1
0 1 1 0 0 0 0 1
1 1 1 1 0 1 1 1
1 1 0 1 0 0 1 1
1 1 1 1 1 1 1 1
1 1 1 1 0 1 1 1
1 1 1 1 0 0 1 1
0 1 0 0 0 0 0 1
0 0 0 1 0 1 0 0
1 1 0 1 1 1 1 1
0 1 1 1 0 1 1 1
1 1 1 0 1 0 1 1
1 1 1 1 0 1 1 1
0 1 1 1 0 1 0 1
0 1 1 0 0 0 1 1
1 1 0 1 0 1 1 1
0 0 1 1 0 1 1 1
1 1 1 1 0 1 1 1
1 1 1 1 0 1 1 1
0 1 1 1 0 0 0 1
0 1 1 0 0 0 1 1
0 1 1 1 0 0 1 1
1 0 0 1 1 1 0 0
0 1 1 1 0 1 1 1
0 1 1 1 0 0 0 1
1 1 1 1 0 1 0 1
1 1 1 1 0 0 1 1
0 1 1 0 0 0 0 1
0 1 1 0 0 0 1 1
0 1 1 1 1 1 1 1
1 0 1 1 0 1 1 1
0 1 1 1 0 0 0 1
0 1 1 1 1 0 1 1
0 1 0 1 0 1 1 1
0 1 0 1 0 0 0 1
1 0 1 1 0 1 0 1
1 1 0 0 0 1 0 1
1 1 1 1 0 1 0 1
1 0 0 1 1 1 1 0
1 1 1 0 0 0 1 1
1 1 1 0 1 1 1 1
0 0 0 1 1 1 1 0
1 1 1 1 0 1 1 1
0 1 1 1 0 0 1 1
0 0 0 1 1 0 0 0
0 1 1 1 0 0 1 1
0 1 1 0 0 0 1 1
0 0 0 1 0 1 1 0
0 1 1 1 0 0 1 1
1 1 0 1 0 1 0 1
1 1 1 0 1 0 1 1
1 1 0 1 0 0 0 1
0 1 1 0 0 0 1 1
0 0 0 0 0 0 1 1
0 1 1 0 0 0 1 1
0 1 1 0 1 0 1 1
1 0 1 1 0 1 1 1
1 1 1 0 0 1 1 1
0 1 1 1 0 1 0 1
1 1 1 1 0 0 0 1
1 1 0 1 0 1 1 1
1 1 1 0 0 0 0 1
1 1 1 0 1 0 1 1
1 1 1 1 1 1 1 1
1 1 0 1 0 1 1 1
0 0 0 0 1 1 0 0
1 1 1 1 0 0 1 1
0 1 1 1 1 1 1 1
1 1 1 0 0 0 1 1
0 1 1 1 0 0 1 1
1 1 1 1 0 0 1 1
0 1 1 1 0 0 0 1
0 0 0 1 0 0 1 0
0 0 1 0 1 0 1 1
0 1 0 1 0 0 1 1
1 1 1 1 0 0 1 1
0 0 1 0 0 0 1 1
0 1 0 1 1 0 1 1
1 1 1 1 1 1 1 1
1 1 1 1 0 0 0 1
1 1 1 1 1 0 0 1
0 1 0 1 1 0 0 1
0 0 0 1 1 0 0 0
1 1 1 1 1 1 0 1
1 1 1 1 0 1 1 1
0 1 1 1 1 0 1 1
1 1 0 1 0 0 0 1
1 1 1 1 0 0 0 1
1 0 1 0 1 0 1 1
0 0 0 0 1 0 1 0
1 0 0 0 1 0 0 0
0 1 0 1 0 0 0 1
0 1 1 1 1 0 1 1
1 1 0 1 1 1 1 1
0 1 0 1 0 1 1 1
0 0 0 0 0 0 1 0
1 1 0 0 0 0 0 1
1 1 0 1 0 0 0 1
0 1 1 1 1 0 0 1
1 0 1 0 0 1 0 1
1 1 1 1 0 1 1 1
1 1 1 1 0 0 0 1
0 1 1 1 0 0 0 1
1 1 1 0 0 0 0 1
0 1 1 1 0 0 1 1
0 1 1 0 0 0 1 1
0 1 1 1 0 0 1 1
1 0 1 1 0 1 1 1
1 1 0 1 0 1 0 1
1 1 1 1 0 0 1 1
1 1 0 1 0 1 1 1
0 1 1 0 0 0 1 1
0 0 1 1 1 0 1 0
1 1 1 1 1 1 1 1
1 1 0 1 0 1 0 1
1 1 1 1 0 1 0 1
0 1 0 1 0 0 1 1
1 1 1 1 0 0 0 1
1 1 0 1 0 1 1 1
1 1 1 1 0 1 1 1
0 1 1 0 0 0 0 1
0 1 1 1 1 1 1 1
0 0 1 1 0 1 1 1
0 1 1 1 1 0 1 1
0 1 1 1 0 1 1 1
0 1 1 0 0 0 1 1
1 0 0 1 1 0 1 0
1 0 1 1 0 1 1 1
0 1 1 1 0 1 1 1
1 1 1 1 0 0 1 1
0 1 1 1 0 1 0 1
0 1 1 1 0 1 1 1
1 1 1 1 0 1 1 1
1 1 1 1 0 0 1 1
0 1 1 1 0 1 0 1
0 1 1 1 0 0 1 1
1 0 0 1 0 1 0 0
0 0 1 1 0 1 0 1
0 1 1 1 0 1 0 1
0 1 0 1 0 0 0 1
1 1 1 0 0 1 1 1
0 1 0 1 0 0 1 1
1 1 1 1 0 0 0 1
1 1 1 1 0 0 1 1
0 0 1 1 0 1 1 1
1 1 0 1 0 0 1 1
0 1 1 1 1 0 1 1
1 1 1 1 1 1 1 1
0 1 1 1 0 0 1 1
0 1 1 1 0 0 0 1
0 1 0 1 0 0 1 1
0 1 1 1 1 1 1 1
1 1 1 1 0 1 1 1
1 1 1 1 1 1 1 1
1 1 1 1 0 1 1 1
0 1 1 1 1 0 1 1
1 1 0 1 0 0 0 1
1 1 0 1 0 0 1 0
0 1 0 1 1 1 0 1
1 1 1 0 1 0 1 1
0 1 1 1 0 0 1 1
1 1 1 1 0 0 1 1
1 1 1 0 0 1 0 1
0 0 1 1 0 1 1 1
0 1 0 1 0 0 0 1
1 1 0 0 0 0 1 1
1 1 1 1 0 1 1 1
0 0 0 1 1 1 1 0
1 1 1 0 0 0 1 1
0 1 1 1 0 0 0 1
1 0 0 1 0 1 0 0
1 1 1 1 0 0 1 1
0 1 1 0 0 0 1 1
1 1 0 1 0 1 1 1
1 1 1 1 0 0 1 1
0 0 0 1 1 0 0 0
0 0 0 1 1 1 1 0
1 0 0 1 1 1 1 0
0 1 0 1 1 0 1 1
0 1 1 1 0 1 1 1
1 1 1 1 0 0 1 1
1 1 1 1 0 1 1 1
0 1 1 1 0 0 1 1
1 1 1 1 0 0 1 1
1 0 1 1 0 1 1 1
0 1 1 1 0 0 1 1
0 1 1 1 1 0 0 1
1 0 1 1 0 1 0 1
1 0 1 1 0 1 1 1
0 1 0 1 1 0 1 1
0 1 1 1 1 0 1 1
0 1 0 1 0 1 0 1
1 1 1 1 0 1 1 1
1 1 1 1 0 1 1 1
1 1 1 1 0 1 1 1
1 0 0 0 1 0 0 0
0 1 1 1 0 1 1 1
1 1 0 1 1 0 1 1
1 1 0 1 1 1 1 1
0 1 1 1 0 0 0 1
1 1 1 0 0 0 1 1
0 1 1 1 0 0 1 1
0 1 1 1 0 0 1 1
1 1 1 1 0 1 1 1
1 0 1 1 0 1 0 1
1 1 1 1 1 1 1 1
1 1 1 1 1 1 1 1
0 1 1 1 1 0 1 1
0 1 1 1 0 0 0 1
1 1 0 0 0 0 1 1
0 0 0 1 1 0 0 0
1 1 1 1 0 1 1 1
0 1 1 1 0 1 0 1
1 1 1 1 1 1 1 1
0 0 0 1 0 1 1 0
1 1 1 1 0 1 1 1
0 1 0 1 0 0 0 1
1 1 1 0 1 0 1 1
0 1 1 1 1 0 1 1
1 1 1 1 1 1 1 1
0 1 1 1 0 1 1 1
0 1 0 1 0 0 1 1
1 1 1 1 0 1 1 1
0 0 1 1 1 0 1 0
0 1 1 1 0 0 1 1
0 1 1 1 1 0 1 1
0 0 1 1 0 0 1 1
0 1 0 1 0 0 0 0
0 1 0 1 0 1 1 1
1 1 0 0 0 1 0 1
1 1 1 1 0 1 1 1
0 1 1 1 1 0 1 1
1 1 0 1 0 1 0 1
0 1 1 1 1 1 1 1
0 1 0 1 0 1 1 1
0 1 1 1 0 0 1 1
0 1 0 1 1 1 0 1
0 0 0 1 0 1 1 0
1 1 1 1 0 0 1 1
1 1 0 1 0 1 0 1
0 1 1 1 0 0 0 1
0 0 1 1 0 1 1 1
0 1 0 1 0 1 0 1
1 1 0 1 0 0 0 1
1 1 1 1 0 1 1 1
0 0 0 1 1 1 1 0
0 1 1 1 1 1 1 1
0 1 0 1 0 0 1 1
1 0 1 1 0 1 1 1
1 1 1 1 0 0 1 1
0 1 0 1 0 0 1 1
0 0 1 1 0 0 1 1
1 1 1 1 0 0 0 1
1 1 0 1 0 1 1 1
1 1 1 1 1 0 1 1
1 1 1 1 0 0 1 1
1 1 1 1 0 1 0 1
0 1 1 1 0 0 1 1
0 0 1 1 0 1 1 1
1 0 0 1 0 1 0 1
1 1 1 1 0 1 1 1
0 0 0 1 1 0 0 0
0 1 1 1 0 0 1 1
0 0 1 0 0 0 1 0
0 1 0 1 0 1 0 1
1 1 0 1 0 0 1 1
0 1 1 1 0 0 0 1
0 1 1 1 0 0 1 1
0 1 0 1 0 0 1 1
0 1 0 1 1 0 1 1
0 1 0 1 1 0 1 0
0 0 1 1 1 1 1 0
1 1 1 1 0 1 1 1
1 1 1 1 0 1 1 1
0 1 1 1 0 1 1 1
1 1 1 1 0 0 1 1
0 1 0 1 0 0 0 1
0 1 1 1 0 1 0 1
0 1 0 1 0 0 0 1
0 1 0 1 0 0 0 1
1 1 1 0 0 0 1 1
0 1 1 0 1 0 1 1
0 1 1 0 0 0 1 1
1 1 0 0 0 0 0 1
1 1 1 1 0 0 1 1
1 0 0 1 1 1 1 0
1 0 1 1 0 1 1 1
0 0 1 1 0 1 1 1
1 1 1 1 1 0 1 1
1 0 1 1 0 1 1 1
1 1 1 1 0 0 0 1
0 1 1 1 0 1 1 1
0 1 0 1 1 0 1 1
0 0 1 1 1 1 1 0
0 1 1 0 0 0 1 1
1 0 0 1 0 1 1 1
0 1 0 1 0 0 1 1
0 1 1 1 0 1 1 1
0 0 0 1 1 0 0 0
0 0 0 0 1 0 0 0
0 0 0 1 0 0 0 1
0 1 0 1 1 0 1 1
0 1 1 1 0 0 0 1
0 1 1 0 0 0 1 1
1 0 1 1 0 1 1 1
0 1 1 1 0 0 1 1
1 1 1 1 0 1 0 1
1 1 0 1 1 0 1 0
1 1 1 1 0 0 1 1
0 0 1 0 0 0 1 0
0 1 0 1 1 0 1 0
1 1 0 1 1 0 1 0
0 0 1 1 0 0 1 0
0 1 1 1 0 1 1 1
0 1 0 0 0 0 0 1
0 0 0 1 0 0 1 1
1 0 0 1 1 1 1 0
1 1 1 1 0 1 0 1
1 0 0 1 1 1 1 0
1 1 1 1 0 1 1 1
0 1 1 1 0 0 1 1
0 1 0 1 0 0 1 1
1 1 0 1 0 1 1 1
0 1 1 0 1 0 1 1
0 1 0 1 0 0 1 1
1 1 0 1 0 0 1 1
0 0 0 0 1 0 1 0
0 0 0 1 1 0 0 0
0 1 1 1 0 0 1 1
0 1 1 1 0 0 1 1
1 1 0 1 1 0 1 0
0 1 1 0 1 0 1 1
0 0 1 1 0 1 1 1
0 1 1 1 0 0 1 1
1 0 0 1 1 1 1 1
0 0 1 1 0 1 1 1
0 0 1 0 0 0 1 0
0 1 1 1 0 0 1 1
0 1 1 1 1 0 0 1
1 1 1 0 0 0 1 1
0 1 0 1 0 1 0 1
1 1 0 0 0 0 0 1
1 1 1 1 0 1 1 1
1 1 1 0 0 0 0 1
0 1 1 1 0 0 0 1
0 0 1 0 0 0 1 1
0 1 0 1 0 0 0 1
0 1 1 1 0 1 1 1
0 1 1 1 0 0 1 1
1 1 0 1 0 0 0 1
1 1 1 1 0 1 1 1
1 1 1 0 0 0 0 1
1 1 0 1 0 1 0 1
1 0 0 1 1 1 0 0
0 1 0 1 1 0 1 0
1 0 0 1 1 1 1 0
1 1 1 1 0 1 1 1
1 1 1 1 0 1 0 1
0 0 1 1 1 0 1 1
1 0 1 1 0 1 1 1
0 1 1 1 1 1 1 1
1 0 1 1 1 1 1 1
0 0 0 1 1 0 1 0
0 0 0 1 0 1 0 0
0 0 1 1 0 1 1 1
0 1 1 1 1 0 1 1
0 1 1 1 0 0 1 1
1 1 1 1 0 0 0 1
0 1 1 1 0 1 1 1
1 1 1 1 0 1 0 1
0 1 1 0 0 0 0 1
1 1 1 1 0 1 1 1
0 1 1 1 1 0 1 1
0 1 0 1 0 1 0 1
1 1 1 0 0 0 1 1
0 1 1 1 0 0 1 1
1 0 1 1 1 1 0 0
0 0 1 1 0 1 1 1
0 1 1 1 0 1 1 1
1 1 1 1 1 0 1 1
0 1 0 1 0 1 0 1
1 1 0 1 1 1 0 1
0 1 1 1 0 1 1 1
1 0 1 1 1 1 0 1
0 1 1 1 0 0 1 1
1 1 0 1 0 1 1 1
0 0 1 1 0 0 1 1
0 1 1 1 0 1 1 1
0 1 0 1 0 0 0 1
0 0 0 1 1 1 1 0
1 1 1 1 0 1 1 1
0 1 1 1 0 0 1 1
1 1 0 1 0 1 1 1
1 0 1 1 1 1 1 1
1 1 0 1 1 0 1 0
1 1 1 1 1 0 1 1
0 0 0 1 0 1 1 1
0 0 0 1 0 1 1 1
0 1 1 1 0 0 1 1
0 0 0 1 1 0 1 0
0 1 1 1 0 0 1 1
1 0 1 1 1 1 1 0
0 0 1 1 0 1 0 1
1 1 0 1 0 0 1 1
1 1 0 1 1 1 1 1
0 0 1 1 1 0 1 0
0 1 1 1 0 0 1 1
1 1 0 1 1 0 0 1
0 1 0 1 0 0 1 1
1 1 1 0 0 0 0 1
1 1 1 1 0 1 1 1
0 1 1 0 0 0 0 1
1 1 0 1 0 1 1 0
0 1 1 1 1 0 1 1
0 1 1 1 0 0 1 1
1 1 0 0 1 0 1 1
0 1 1 1 0 1 1 1
1 1 0 0 0 0 1 1
0 1 1 1 0 0 0 1
0 1 0 1 0 0 0 1
1 1 0 1 0 0 0 1
0 1 0 1 0 0 1 1
0 1 1 1 0 1 1 1
0 1 1 0 0 0 1 1
1 0 1 1 0 0 1 0
1 1 0 1 1 0 0 1
0 1 1 1 0 1 1 1
0 0 1 0 0 0 1 1
1 1 1 1 1 0 1 1
0 1 1 1 1 1 1 1
1 0 0 1 0 1 0 0
0 1 1 1 1 0 1 1
0 1 1 1 0 0 0 1
0 1 1 0 0 0 1 1
0 0 1 1 0 0 1 1
1 0 0 1 0 1 0 0
1 1 1 1 0 1 1 1
0 1 1 1 0 1 1 1
0 0 0 1 1 0 1 0
1 0 0 0 1 0 1 1
1 0 0 1 0 1 0 1
1 1 1 1 0 0 1 1
1 1 1 1 0 1 1 1
1 0 0 1 1 1 1 0
1 1 0 1 0 1 0 1
1 1 1 1 0 1 0 1
0 1 1 1 0 1 1 1
1 0 1 0 0 0 1 1
0 0 1 1 1 0 1 1
1 1 0 1 0 0 1 1
0 1 0 1 1 1 1 1
0 1 1 0 0 0 0 1
1 1 0 1 0 1 0 1
1 0 1 1 1 1 1 1
0 1 1 1 0 0 0 1
1 1 1 1 0 1 1 1
1 0 1 1 1 1 1 0
0 1 1 1 0 1 0 1
1 1 1 1 0 0 0 1
0 1 0 0 1 0 1 1
0 1 1 0 0 0 1 1
0 1 1 1 0 0 1 1
0 1 1 0 0 0 1 1
0 1 1 1 0 0 1 1
1 0 1 1 1 1 1 0
1 1 1 1 0 1 1 1
1 1 1 1 1 1 1 1
1 1 1 1 0 1 1 1
1 1 1 1 0 0 1 1
0 1 0 1 0 0 1 1
0 1 0 1 0 1 0 1
1 1 1 1 1 1 1 1
1 1 0 1 0 0 0 1
1 1 1 1 0 0 1 1
0 1 0 1 0 0 1 1
1 1 1 1 1 1 1 1
0 1 0 1 0 1 0 1
1 1 0 1 1 0 1 0
0 1 0 0 1 0 1 1
0 1 1 1 0 0 1 1
0 1 1 1 0 0 1 1
1 1 0 1 0 1 0 1
1 0 0 1 0 1 1 0
1 1 0 0 0 0 1 1
1 1 1 1 0 1 1 1
1 1 0 1 0 1 1 1
0 1 0 0 0 0 0 1
0 1 0 1 0 0 1 1
0 1 1 1 0 0 0 1
0 1 1 0 0 0 1 1
1 0 0 0 1 1 0 0
1 0 1 1 1 1 1 1
1 1 1 1 0 0 1 1
1 0 1 0 0 1 0 1
1 1 1 1 0 0 1 1
1 1 0 1 0 1 1 1
1 1 1 1 0 1 1 1
0 0 0 1 1 1 1 0
1 0 0 1 1 1 0 0
1 1 1 1 1 0 1 1
0 1 1 1 1 0 1 1
0 1 0 0 0 0 1 1
1 0 0 1 0 0 1 1
0 1 1 1 0 1 1 1
1 1 0 1 0 1 0 1
1 1 1 1 0 1 1 1
1 1 1 0 1 0 1 1
1 1 0 1 0 1 1 1
0 0 0 1 1 1 1 0
0 1 1 0 0 0 1 1
1 1 1 1 1 0 1 1
1 1 0 1 0 0 1 1
1 1 1 0 1 0 1 1
1 1 1 0 0 1 0 1
0 1 0 1 0 0 1 1
0 1 0 1 1 1 1 1
0 0 0 1 0 1 1 1
0 1 1 1 0 0 0 1
0 0 1 1 1 0 1 0
1 1 1 0 0 0 0 1
1 1 0 1 0 0 1 1
0 1 0 0 0 0 0 1
1 1 1 1 0 1 1 1
1 1 1 1 1 0 1 1
1 1 1 1 0 1 1 1
1 0 1 0 0 0 0 1
0 1 1 1 1 1 1 1
0 1 0 1 1 1 1 1
0 0 0 1 1 0 1 0
1 0 0 1 0 1 0 1
1 1 1 1 0 0 1 1
1 0 1 0 1 1 1 1
1 0 0 1 1 0 0 0
0 0 1 0 0 0 1 1
0 1 1 0 0 0 1 1
1 1 1 1 0 1 1 1
0 1 0 0 1 0 1 1
1 1 1 1 0 1 1 1
1 1 0 1 1 1 1 1
1 0 0 1 1 1 1 0
1 0 1 1 0 1 0 1
0 1 0 1 0 0 1 1
0 0 1 1 1 1 1 0
0 1 1 1 0 1 0 1
0 1 1 1 0 1 1 1
1 0 1 1 1 1 1 1
1 0 0 1 0 1 0 1
1 1 0 1 0 1 0 1
1 1 1 0 0 0 1 1
1 1 1 1 0 1 0 1
1 0 1 1 0 0 1 1
0 1 1 1 0 1 1 1
1 0 0 1 1 0 1 0
0 1 1 1 1 1 1 1
1 1 1 1 1 1 1 1
1 1 1 1 1 0 1 1
0 1 0 0 0 0 1 1
0 1 1 0 1 0 1 1
0 1 0 1 1 1 1 1
0 0 0 1 0 1 1 0
0 1 1 1 0 0 1 1
1 1 0 1 0 1 1 1
1 0 1 1 0 0 1 1
0 1 1 1 1 0 1 1
1 1 1 1 0 0 1 1
1 1 1 1 0 1 1 1
1 1 0 0 0 0 0 1
0 1 0 1 0 0 0 1
1 0 0 0 0 0 1 1
1 0 1 1 0 1 0 1
1 1 1 1 0 1 0 1
1 1 1 1 1 1 1 1
1 0 0 1 1 1 1 0
1 0 1 1 0 0 1 1
0 0 0 1 0 1 1 1
0 1 1 1 0 1 1 1
0 1 0 0 1 0 1 1
1 1 1 0 0 0 1 1
0 1 0 0 0 0 1 1
0 1 1 1 0 0 1 1
1 0 1 1 0 1 1 1
1 0 0 1 0 0 0 0
0 0 1 0 0 0 0 1
1 1 1 1 0 1 1 1
0 1 0 1 0 1 1 1
0 1 1 1 0 1 1 1
1 0 0 0 1 0 0 0
1 1 1 0 0 0 1 1
0 0 1 1 0 1 1 1
1 1 1 1 1 1 1 1
1 1 1 1 0 0 1 1
0 1 0 0 0 0 0 1
0 1 0 1 0 0 1 1
1 1 1 1 0 1 1 1
1 1 1 1 0 1 0 1
1 1 0 0 0 0 1 1
1 1 1 1 1 0 1 1
1 1 1 1 0 1 1 1
0 1 1 1 0 1 0 1
1 1 1 1 1 0 1 1
1 1 1 0 0 0 1 1
0 0 0 1 1 1 0 0
0 1 1 1 0 1 1 1
0 1 1 0 0 0 1 1
0 1 0 0 1 0 0 1
1 0 1 1 0 1 1 1
1 1 1 1 0 0 1 1
0 1 0 1 1 1 0 1
0 0 0 1 0 0 0 1
1 1 1 1 0 1 1 1
0 1 1 1 1 1 1 1
1 1 0 1 1 0 1 1
1 1 0 1 1 0 1 1
1 1 1 1 1 1 1 1
0 1 0 1 0 1 0 1
0 1 0 1 0 1 1 1
1 1 1 1 1 0 0 1
1 0 1 1 1 1 1 1
0 1 1 1 0 0 0 1
1 1 1 1 1 0 1 1
1 0 1 1 1 1 1 0
1 0 0 1 1 1 0 1
1 1 1 1 0 1 1 1
1 1 1 0 0 0 1 1
1 1 1 1 1 1 1 1
0 0 1 0 0 0 1 1
1 0 1 1 0 0 1 1
1 1 1 0 1 0 1 1
0 1 1 1 0 0 1 1
0 1 1 1 0 0 1 1
1 0 1 1 0 1 0 1
1 1 0 1 0 0 0 1
0 1 1 1 0 0 1 1
0 1 1 0 0 0 0 1
1 0 1 1 0 1 0 1
1 1 0 0 0 0 1 1
0 1 0 1 1 0 1 0
0 0 1 1 1 1 1 0
0 1 0 1 1 0 1 0
0 0 1 1 0 1 1 1
0 1 0 1 1 0 1 1
1 1 1 1 0 1 1 1
1 0 1 1 1 1 1 0
1 1 1 1 0 1 1 1
1 0 0 1 1 1 1 0
1 1 1 1 1 0 1 1
0 1 1 0 0 0 0 1
1 1 0 1 0 1 1 1
0 0 0 1 0 1 1 1
1 0 0 1 1 1 1 0
0 1 1 1 1 0 0 0
0 1 1 1 0 0 1 1
0 1 1 0 0 0 1 1
1 1 1 1 0 1 1 1
0 1 0 0 1 1 1 1
0 1 1 0 0 0 1 1
0 1 0 1 0 1 0 1
1 1 1 1 1 1 1 1
1 0 1 1 0 0 1 0
0 1 1 1 0 1 0 1
0 1 1 1 0 0 1 1
1 0 1 1 0 1 0 1
1 1 1 1 0 1 1 1
1 0 1 1 0 1 1 1
1 1 1 0 0 0 0 1
1 0 1 1 1 0 1 1
1 1 0 1 0 1 0 1
0 1 0 1 0 0 1 1
1 0 0 1 0 1 0 1
1 1 1 0 0 0 1 1
1 1 1 1 0 1 1 1
1 1 1 1 0 1 1 1
1 1 1 1 0 1 0 1
0 1 1 1 0 1 0 1
0 1 1 0 0 0 1 1
1 1 1 1 0 1 1 1
1 1 1 1 0 0 1 1
1 1 1 1 0 1 0 1
1 1 1 0 0 0 1 1
1 0 1 0 1 1 1 1
1 1 0 0 1 0 1 1
1 0 0 1 1 1 1 0
0 1 0 1 1 1 1 1
0 1 0 1 0 1 1 1
1 1 1 1 0 1 1 1
1 1 1 1 1 1 1 1
0 1 0 1 0 0 0 1
1 1 1 1 0 1 1 1
1 0 0 1 1 1 0 0
0 1 1 1 1 0 1 0
1 0 0 0 1 0 1 0
0 1 0 1 0 1 1 1
1 1 1 1 0 1 1 1
1 1 1 1 0 0 1 1
0 0 0 1 1 0 1 0
1 1 0 1 0 0 1 1
1 1 1 1 0 1 0 1
1 1 1 1 0 0 1 1
0 0 1 1 0 0 1 1
1 1 1 1 0 0 1 1
1 0 0 1 1 1 1 0
1 1 1 1 1 1 1 1
0 1 1 0 0 0 0 1
0 1 1 1 0 0 0 1
1 1 1 0 0 0 1 1
0 1 1 1 0 0 1 1
0 1 0 1 1 1 0 1
0 1 1 0 0 0 1 1
0 0 0 1 0 0 0 0
0 1 1 1 1 1 1 1
1 1 0 1 0 0 0 1
0 1 1 1 0 0 0 1
1 0 1 1 0 1 1 1
1 1 0 1 1 0 0 1
1 1 1 1 1 0 1 0
1 1 1 1 0 0 1 1
0 1 0 1 0 0 1 1
1 1 1 0 0 0 0 1
0 0 1 0 1 0 1 0
0 1 0 1 0 0 0 1
1 1 0 1 0 1 0 1
1 1 1 0 0 1 1 1
1 0 1 1 1 1 1 0
0 1 1 1 0 0 1 1
0 0 0 1 0 1 1 1
0 1 0 1 1 0 1 0
0 1 1 1 1 0 1 1
0 0 1 1 1 0 0 1
0 0 0 1 0 1 1 1
0 1 0 1 0 0 0 1
1 1 0 1 0 0 0 1
0 1 1 1 0 0 0 1
0 1 1 1 0 0 1 1
1 1 0 1 1 0 1 0
1 1 0 1 0 1 1 1
1 0 1 1 1 1 1 1
0 1 1 1 0 1 1 1
1 1 0 1 1 0 0 1
1 0 1 1 1 1 1 1
0 0 1 0 0 0 1 1
0 0 0 1 0 1 1 1
1 1 1 0 0 0 0 1
0 1 0 1 0 1 1 1
0 1 1 1 0 0 1 1
0 0 1 1 1 1 1 0
1 1 1 1 0 1 1 1
0 1 1 1 1 1 1 1
0 1 0 1 0 0 1 1
1 1 1 1 0 0 1 1
0 1 1 1 0 1 1 1
1 0 0 1 1 0 0 0
0 1 1 0 0 0 0 1
0 1 0 1 0 1 1 1
0 1 0 1 1 1 1 1
0 0 0 1 0 1 0 1
0 0 0 1 1 1 1 0
1 0 1 0 1 1 1 1
1 0 0 1 0 1 1 1
1 0 1 0 1 0 1 0
0 1 1 1 0 1 0 1
1 1 0 1 0 0 0 1
0 1 0 1 0 1 1 1
1 1 1 0 0 0 1 1
1 1 1 1 0 1 1 1
1 0 0 1 0 1 0 1
0 0 1 0 0 0 0 1
0 1 1 0 0 0 0 1
0 1 0 1 0 0 1 1
0 1 1 0 0 0 1 1
1 1 1 1 0 0 1 1
1 1 0 1 1 1 1 1
1 1 0 1 0 1 1 1
0 1 1 1 0 1 0 1
1 1 1 1 0 1 1 1
0 1 0 1 0 1 1 1
0 1 1 0 1 0 1 1
1 1 1 0 1 0 1 1
1 1 1 1 1 1 1 1
1 1 0 0 0 0 0 1
1 1 1 1 1 0 1 1
0 0 1 1 1 0 1 0
1 1 1 1 0 1 1 1
0 1 1 0 0 0 1 1
1 1 0 1 1 1 1 1
0 1 0 1 0 1 1 1
0 0 0 1 1 0 1 0
1 1 1 1 0 1 0 1
0 0 1 1 0 0 0 1
1 1 1 1 0 1 0 1
0 0 1 1 1 1 1 0
0 1 0 1 0 1 1 1
0 1 1 1 0 0 1 1
1 0 0 1 0 1 0 0
0 1 1 1 0 1 0 1
1 1 1 1 1 1 0 1
0 1 0 1 1 1 0 1
1 1 1 1 0 0 1 1
1 1 0 1 1 0 1 1
1 1 1 1 0 1 1 1
0 1 0 0 0 0 0 1
0 0 1 1 1 1 1 1
0 1 1 1 0 1 1 1
1 0 0 1 0 1 0 0
1 1 1 1 0 1 1 1
1 1 1 1 1 0 0 1
1 1 0 0 1 0 1 1
0 1 1 0 1 0 1 1
1 1 1 1 0 0 1 1
1 1 0 1 0 0 1 1
0 1 0 0 0 0 1 1
1 0 0 1 0 0 0 0
0 1 1 1 0 1 1 1
1 0 0 1 1 1 1 0
1 1 1 1 0 1 1 1
0 0 0 1 0 0 1 1
0 1 0 1 1 0 0 1
0 0 1 1 0 1 1 1
1 1 1 0 0 0 1 1
1 1 0 1 0 0 1 1
0 0 0 1 0 1 1 1
1 1 0 1 0 0 0 1
0 1 1 0 0 0 1 1
1 1 1 1 0 1 0 1
1 1 1 1 1 0 1 1
1 1 1 1 0 1 1 1
0 1 1 1 0 1 0 1
1 1 1 0 0 1 0 1
0 0 1 1 1 0 1 1
1 1 0 0 0 0 1 1
0 1 1 1 0 1 1 1
0 1 0 1 1 0 1 1
1 1 0 0 0 0 1 1
0 0 1 1 0 0 1 1
0 0 1 1 0 1 1 1
1 1 1 0 0 1 1 1
1 0 0 1 1 1 1 0
1 0 0 1 1 1 1 0
0 1 1 0 0 0 1 1
1 1 1 1 0 1 1 1
0 1 1 1 1 0 1 1
1 1 0 1 0 0 1 1
1 0 0 0 0 0 0 1
1 1 1 1 1 0 0 1
0 1 1 1 0 1 1 1
0 1 1 1 0 0 1 1
1 1 1 1 1 1 1 1
0 1 1 0 1 0 1 1
1 1 0 1 0 0 0 1
1 0 1 0 1 0 1 0
1 1 1 1 1 0 1 0
1 1 1 0 0 0 1 1
0 1 1 1 1 0 1 1
0 1 1 1 0 0 0 1
0 1 1 0 0 0 0 1
1 0 1 1 0 1 0 1
1 1 1 0 0 1 1 1
1 1 1 1 0 0 1 1
1 1 0 0 0 0 0 1
0 1 1 1 0 0 0 1
0 1 1 1 0 0 1 1
1 1 1 1 0 0 0 1
0 1 1 0 1 1 1 1
0 1 0 1 1 0 1 1
1 1 1 0 1 0 1 1
0 1 1 1 0 1 0 1
0 1 1 1 1 1 1 1
0 0 0 1 1 1 1 0
1 1 1 1 0 1 0 1
0 1 1 1 1 1 1 1
0 1 0 1 0 1 0 1
1 1 0 1 0 1 0 1
1 1 1 1 0 1 1 1
1 0 1 1 0 1 1 1
0 1 0 1 0 0 1 1
0 1 0 1 1 0 1 0
1 0 1 1 0 1 1 1
0 0 1 1 1 0 1 0
0 1 1 0 0 1 1 1
1 1 1 0 1 0 0 1
1 1 1 1 0 0 0 1
0 0 1 1 1 0 1 1
1 1 1 1 0 0 1 1
0 0 0 1 0 0 1 1
1 1 1 1 0 1 0 1
1 1 1 1 0 1 1 1
0 1 1 1 0 1 0 1
0 1 1 1 1 0 1 1
0 0 0 1 1 1 1 0
1 1 0 1 0 1 1 1
1 1 0 0 0 1 0 1
1 1 0 1 0 0 1 1
1 1 1 0 0 0 1 1
1 0 0 1 0 1 1 1
1 1 1 0 0 0 1 1
1 1 1 1 0 1 1 1
1 0 1 1 0 1 1 1
1 0 1 1 0 1 1 1
1 1 0 0 0 0 1 1
1 1 0 1 1 1 0 1
1 1 1 0 0 0 1 1
0 1 0 1 1 1 1 1
1 1 1 1 1 1 1 1
1 0 0 1 1 1 1 0
0 1 0 0 0 0 0 1
1 1 0 1 1 1 1 1
1 1 1 1 0 1 1 1
0 1 1 1 1 0 1 1
0 1 1 0 0 0 1 1
0 0 0 1 1 1 1 0
1 1 1 1 0 0 1 1
0 1 0 0 0 0 1 1
1 1 1 1 0 0 1 1
1 1 1 1 0 1 1 1
0 1 1 0 0 0 1 1
1 1 1 1 0 0 1 1
0 1 1 1 0 0 0 1
1 1 1 1 0 1 1 1
0 1 1 1 0 0 1 1
0 1 0 1 0 0 1 1
0 1 0 1 0 1 0 1
1 1 0 1 0 0 1 1
0 0 0 1 1 0 0 0
1 1 1 1 1 0 1 1
0 1 1 1 0 0 0 1
1 1 1 1 0 1 1 1
0 0 0 0 1 0 1 0
0 1 1 0 0 0 1 1
1 1 1 1 0 1 1 1
0 1 1 1 0 1 1 1
1 1 1 1 1 0 1 1
1 1 1 1 0 1 1 1
1 1 0 1 1 1 1 0
0 0 0 1 0 1 0 1
0 0 0 1 1 1 1 0
1 1 0 1 0 1 0 1
1 0 0 1 0 1 1 0
0 0 1 1 1 0 1 0
0 0 1 1 0 0 1 1
1 1 1 1 0 0 1 1
1 1 1 1 0 0 1 1
1 1 0 1 0 0 0 1
0 1 1 1 0 1 1 1
1 1 0 1 0 1 1 1
0 0 0 1 0 1 1 1
0 1 1 1 0 0 1 1
0 1 1 1 0 1 1 1
0 1 1 1 1 0 1 1
0 0 0 1 0 1 1 1
0 0 1 1 0 1 0 1
1 1 1 1 0 1 0 1
1 1 1 0 0 1 0 1
1 0 1 1 0 1 1 1
1 1 0 1 0 1 1 1
0 1 1 1 0 0 1 1
1 1 0 1 0 0 1 1
1 0 0 1 0 1 0 1
0 1 0 1 0 1 0 1
0 1 0 1 0 0 0 1
0 1 1 1 1 0 0 1
1 1 1 1 0 1 0 1
1 1 1 1 1 1 1 1
1 1 1 1 1 0 1 1
1 1 1 1 0 0 0 1
1 1 1 1 1 0 1 1
0 1 1 1 1 1 1 1
1 0 1 0 1 0 0 1
1 1 1 1 0 0 0 1
0 0 1 0 0 0 0 1
0 1 1 1 0 1 1 1
1 0 1 0 1 0 1 0
0 1 1 1 0 0 1 1
0 0 0 0 1 0 1 0
0 1 0 0 1 0 1 1
1 1 1 1 0 0 1 1
1 1 1 0 0 0 1 1
1 1 1 1 0 0 1 1
1 1 1 1 0 1 1 1
1 1 1 0 0 1 1 1
1 1 1 1 0 0 1 1
1 1 1 1 1 1 1 1
1 1 1 1 0 1 1 1
0 1 1 1 0 1 1 1
0 1 0 1 1 0 1 1
1 1 1 1 0 0 0 1
0 1 0 0 0 0 0 1
1 1 1 1 0 0 1 1
1 1 1 0 0 0 0 1
0 1 0 1 0 0 1 0
1 1 1 1 0 1 1 1
0 1 1 0 0 0 0 1
1 0 1 0 0 0 0 1
1 1 1 1 0 1 1 1
1 1 1 1 0 1 1 1
1 1 1 1 0 1 1 1
0 1 1 1 0 1 1 1
0 1 1 0 0 0 1 1
0 0 0 1 1 0 1 0
0 1 0 1 1 1 0 1
0 0 1 1 0 1 1 1
0 1 1 1 0 1 1 1
1 1 1 0 0 0 1 1
0 1 1 1 0 0 1 1
1 0 1 1 0 1 1 1
1 1 1 1 0 0 1 1
1 1 0 1 0 0 1 1
1 1 1 1 0 1 1 1
1 1 0 1 0 1 0 1
1 1 1 0 1 0 1 1
1 1 1 1 0 0 1 1
0 1 0 1 0 0 1 1
1 1 0 1 0 0 1 1
0 0 1 0 0 0 1 1
0 0 1 1 1 0 0 1
0 1 1 0 0 0 0 1
0 1 0 1 1 1 1 1
1 0 0 1 0 1 0 1
0 1 1 1 0 0 0 1
0 1 1 1 0 1 1 1
1 1 1 1 0 0 1 1
0 1 0 1 1 0 1 1
0 1 0 1 0 0 0 1
0 0 1 0 1 0 1 1
1 1 1 1 0 0 1 1
0 1 0 1 0 0 0 1
1 1 1 0 1 0 1 1
1 0 0 1 1 0 1 0
0 1 1 0 0 0 0 1
0 1 0 1 1 0 1 1
1 0 0 1 1 1 1 0
1 0 0 1 1 1 1 1
1 1 1 1 0 1 0 1
0 1 1 1 0 0 0 1
0 1 1 1 1 0 1 1
0 1 1 1 1 0 1 1
0 1 1 0 0 0 1 1
0 1 1 1 0 0 1 1
1 1 1 1 0 1 1 1
1 1 0 1 1 0 1 1
1 1 0 1 0 1 0 1
1 0 1 1 0 1 1 1
0 0 1 1 0 0 1 1
0 0 1 0 1 0 1 1
1 0 0 1 0 1 0 0
0 0 1 1 1 0 1 0
0 1 0 0 0 0 0 1
0 1 1 1 0 0 0 1
0 1 1 1 0 1 0 1
0 1 1 1 0 1 0 1
1 1 0 1 0 1 1 1
0 0 1 1 1 1 0 1
0 1 1 1 0 0 1 1
0 1 1 0 0 0 1 1
1 0 1 1 0 1 1 1
1 1 0 1 0 1 0 1
1 1 0 1 0 0 0 1
1 1 1 1 0 0 1 1
0 0 0 1 0 0 0 1
0 1 1 1 1 0 1 1
1 0 0 1 1 0 1 0
1 1 1 0 0 0 1 1
0 0 0 1 1 1 0 0
1 1 1 1 1 1 1 1
0 1 1 0 1 0 1 1
1 1 0 0 1 0 1 1
0 1 1 0 0 0 0 1
1 1 0 1 1 1 1 1
1 0 1 1 0 1 0 1
1 0 0 1 1 1 1 0
1 1 1 1 0 1 1 1
0 1 1 1 1 0 1 1
0 0 1 1 0 0 1 1
1 0 1 1 0 1 1 1
1 1 1 1 0 1 1 1
1 1 1 1 0 1 1 1
1 1 1 1 1 1 1 1
1 1 1 1 0 0 1 1
1 1 1 1 0 0 1 1
1 1 1 1 0 0 1 1
0 1 0 1 1 0 1 1
1 1 1 1 0 1 1 1
0 1 1 1 0 1 1 1
1 1 1 1 0 1 1 1
1 1 1 1 0 0 1 1
0 0 1 1 0 0 0 0
0 0 1 1 1 0 1 0
1 1 1 1 0 1 0 1
0 1 1 1 0 1 1 1
1 1 0 1 1 1 1 0
0 1 1 1 0 0 1 1
1 0 0 0 1 0 0 0
1 1 1 1 0 1 1 1
1 1 1 1 0 0 1 1
1 1 1 1 1 0 1 1
0 0 1 1 0 1 1 1
1 1 0 0 0 0 0 1
1 1 1 1 1 0 0 1
0 1 0 1 0 0 1 1
0 0 1 1 1 1 1 0
1 0 1 1 0 1 1 1
0 1 0 1 0 0 0 1
0 1 0 1 0 0 0 1
1 1 1 1 0 1 0 1
0 1 1 1 0 0 0 1
0 1 1 1 0 0 1 1
1 0 0 1 0 1 1 1
1 1 0 1 1 1 1 1
0 0 0 1 0 1 0 1
1 1 1 0 0 1 0 1
0 0 1 1 1 0 1 0
0 1 1 1 0 0 0 1
0 1 0 1 0 1 0 1
1 0 1 1 0 1 1 1
1 0 0 1 1 1 0 0
1 1 1 1 0 1 1 1
1 1 1 1 0 1 0 1
1 0 1 1 0 0 1 1
1 1 1 1 1 1 1 1
0 1 0 0 1 0 1 1
1 1 0 1 0 1 1 1
0 1 1 1 0 1 1 1
0 1 1 1 0 0 1 1
1 0 1 1 0 1 1 1
1 1 1 1 1 1 1 1
1 0 0 1 0 1 1 0
1 1 0 0 1 0 1 1
1 1 1 1 0 0 1 1
0 1 1 1 0 1 0 1
1 1 0 0 0 0 0 1
0 1 0 1 0 0 0 1
1 1 1 1 1 1 1 1
1 1 1 0 0 0 0 1
0 1 1 0 0 0 1 1
1 1 1 1 1 1 1 1
1 0 0 1 1 1 1 0
0 0 1 1 1 1 1 1
0 1 1 0 0 0 1 1
1 1 0 0 0 0 0 1
0 1 1 0 0 0 0 1
0 1 0 1 0 1 1 1
1 0 0 1 0 1 0 1
0 1 1 0 1 0 1 0
1 1 1 1 0 1 0 1
0 1 1 0 0 0 0 1
0 1 0 0 1 0 1 1
0 1 1 1 0 1 0 1
1 1 1 1 0 1 0 1
1 0 0 1 1 1 0 0
1 1 1 1 1 0 1 1
1 1 1 1 0 1 1 1
0 1 1 0 0 0 1 1
0 1 1 0 0 0 1 1
0 1 1 0 1 0 1 1
1 1 1 1 1 1 1 1
1 1 0 1 1 1 0 1
1 0 0 1 1 1 1 1
1 1 1 1 1 1 1 1
1 0 0 1 1 0 1 0
0 1 0 1 0 0 0 1
1 0 0 1 1 0 1 0
0 1 0 1 0 0 1 1
1 1 1 1 0 1 1 1
0 1 0 1 0 1 0 1
0 1 1 1 0 0 1 1
0 0 1 1 0 1 1 1
1 0 1 0 0 1 0 1
0 1 1 1 1 0 1 1
0 1 1 1 0 1 0 1
0 1 1 1 0 1 0 1
0 1 1 1 0 0 0 1
1 1 1 0 0 1 0 1
1 0 1 1 0 1 1 1
0 1 0 1 0 0 0 1
1 0 1 1 0 1 1 1
0 1 0 1 1 1 1 1
0 1 1 0 0 0 1 1
1 1 1 1 1 0 1 1
1 1 1 1 0 0 1 1
0 1 1 0 0 0 1 1
1 1 0 1 0 1 0 1
1 1 1 1 0 1 1 1
0 1 1 1 0 1 1 1
1 0 1 1 0 0 1 1
0 1 1 1 0 0 1 1
0 1 1 0 1 0 1 1
1 0 1 1 1 1 1 1
0 1 1 1 0 0 1 1
0 0 0 1 0 1 1 1
1 1 0 1 1 1 1 0
0 1 0 1 1 0 1 1
1 0 1 0 1 1 1 0
1 0 1 1 0 0 0 1
1 0 0 1 0 1 0 1
1 1 1 1 0 1 0 1
0 1 1 1 0 0 1 1
0 0 0 1 0 0 1 0
1 1 1 1 0 1 0 1
0 1 1 1 0 0 1 1
0 0 1 1 1 1 1 0
1 0 0 1 1 1 1 0
1 1 1 1 1 1 1 1
1 1 1 1 0 0 0 1
1 0 0 1 1 1 1 1
0 1 0 0 1 0 0 1
1 0 0 1 0 1 1 1
1 1 1 0 1 0 1 1
0 1 0 1 0 1 0 1
0 0 0 1 1 1 1 0
0 1 0 1 0 0 1 1
1 0 1 1 0 1 0 1
1 1 1 0 1 1 0 1
0 1 1 0 0 0 0 1
0 1 0 1 0 1 1 1
1 1 1 1 0 1 1 1
0 1 0 0 0 0 0 1
0 0 0 0 1 0 1 0
0 1 1 1 0 1 1 1
1 1 0 1 0 0 1 1
1 1 1 1 0 1 1 1
0 1 0 1 0 1 1 1
0 1 0 1 1 0 1 1
0 1 0 1 0 1 1 1
0 1 1 0 0 0 1 1
1 1 0 1 1 0 1 1
0 1 0 1 1 1 0 1
1 1 1 0 0 1 1 1
0 1 0 1 1 0 0 1
1 0 1 1 0 1 1 1
1 1 1 1 0 1 0 1
0 1 1 1 0 1 1 1
1 0 1 1 1 0 1 0
0 1 1 0 0 0 1 1
0 1 1 0 0 0 0 1
1 0 1 1 1 1 1 0
0 1 1 1 0 0 0 1
1 1 1 0 0 0 1 1
0 1 0 1 0 1 1 1
0 1 1 0 0 0 1 1
0 1 1 0 1 0 1 1
0 1 0 0 1 0 0 0
1 0 0 1 0 0 1 0
0 1 0 1 0 0 1 1
1 0 0 1 0 1 0 1
0 0 0 1 0 0 1 1
0 1 0 1 1 0 1 1
1 0 0 1 1 1 0 0
0 1 1 1 1 1 1 1
1 1 1 1 0 1 1 1
1 1 0 1 0 0 0 1
0 1 1 1 0 0 0 1
0 1 0 1 0 0 1 1
1 1 1 1 0 1 0 1
1 1 1 1 0 1 0 1
1 1 1 1 0 0 1 1
0 0 1 1 0 0 1 1
0 1 0 1 0 1 0 1
1 1 1 1 0 1 0 1
1 0 1 1 1 1 1 0
0 1 0 0 0 0 0 1
0 0 0 1 1 0 1 0
1 1 1 1 0 0 1 1
1 1 1 1 0 1 1 1
1 1 1 1 0 0 0 1
1 0 1 1 1 1 1 0
1 1 1 1 0 1 1 1
1 0 1 1 0 1 1 1
1 1 1 1 0 0 1 1
1 0 0 1 1 1 1 0
1 1 0 1 1 0 1 1
0 1 1 1 0 0 1 1
0 1 0 0 0 0 0 1
1 1 1 1 0 1 0 1
0 1 1 1 0 1 1 1
1 1 0 1 0 1 1 0
0 1 1 1 0 0 1 1
0 1 0 1 0 0 0 1
0 1 1 0 1 0 1 1
1 0 1 1 0 1 1 1
1 1 0 0 0 0 1 1
0 1 1 0 1 0 1 1
1 0 1 1 0 1 1 1
0 1 1 1 0 1 1 1
0 0 1 1 0 0 0 1
0 1 1 1 0 1 1 1
1 1 0 1 0 1 0 1
0 0 1 1 0 1 1 1
1 1 0 0 0 0 0 1
0 1 0 1 1 1 1 1
0 0 0 1 1 1 1 0
1 1 0 0 0 0 1 1
0 1 0 0 1 0 1 1
1 1 1 1 0 1 0 1
0 1 1 0 1 0 1 1
1 1 0 1 0 1 0 1
1 1 0 1 0 1 1 1
0 0 0 1 1 1 0 0
1 1 1 1 0 0 1 1
1 1 1 1 0 1 1 1
1 1 1 1 0 1 1 1
1 1 0 1 1 0 0 1
1 1 1 1 1 1 1 1
0 0 1 1 1 0 1 1
0 1 1 0 0 0 1 1
0 1 1 1 1 0 1 1
1 1 1 1 0 1 1 1
1 1 1 1 1 1 1 1
0 1 1 1 0 0 1 1
0 0 1 1 0 1 1 1
1 0 1 1 1 1 1 0
0 0 1 1 0 1 1 1
0 0 1 1 1 1 1 1
0 0 1 1 1 0 1 0
1 1 0 0 0 0 1 1
1 1 0 0 0 1 0 1
0 0 1 0 0 0 1 0
0 1 1 0 1 0 1 1
1 1 0 0 0 0 1 1
0 1 1 0 0 0 0 1
1 1 0 1 0 1 1 1
0 0 1 0 1 0 1 0
1 0 1 1 1 1 1 0
1 1 0 1 0 1 1 1
0 0 1 1 1 0 1 0
0 1 1 1 0 1 1 0
0 1 1 0 1 1 1 1
0 1 0 1 1 0 1 1
1 1 1 1 0 1 0 1
0 0 1 1 0 0 1 1
0 1 0 1 1 0 1 1
1 1 1 0 0 0 1 1
0 1 1 1 0 1 1 1
1 1 1 1 1 1 1 1
1 0 0 1 0 1 1 0
1 0 1 1 0 1 1 1
1 0 0 1 1 1 1 0
1 1 1 1 1 1 1 1
1 1 1 1 0 0 1 1
0 1 0 1 0 1 1 1
0 1 0 0 0 0 1 1
1 0 0 1 0 1 1 1
0 1 1 1 0 1 1 1
1 1 1 1 0 0 1 1
0 0 0 0 1 0 1 0
0 1 1 0 1 0 1 1
1 1 0 1 0 1 0 1
1 1 1 1 1 0 1 1
1 1 1 1 0 1 0 1
0 1 1 1 0 1 1 1
1 0 0 1 0 1 0 1
0 1 1 1 1 0 1 1
1 1 1 1 0 1 1 1
1 0 1 1 0 1 1 1
1 1 1 1 1 1 1 1
1 1 1 1 0 1 0 1
1 1 1 1 0 0 1 1
0 0 0 0 0 0 0 1
1 1 1 0 1 1 1 1
0 0 0 1 0 1 1 0
1 1 1 1 1 1 1 1
0 1 1 1 0 0 0 1
0 1 1 1 0 1 0 1
1 1 1 0 0 0 1 1
0 1 0 1 0 0 0 1
0 1 1 1 1 0 1 1
0 1 1 1 1 1 1 1
0 1 1 1 0 1 1 1
0 0 0 1 0 0 1 0
1 1 1 1 0 0 1 1
1 0 1 1 1 1 1 0
0 0 0 1 0 0 0 0
0 0 1 1 1 1 1 1
0 1 0 1 0 0 0 1
1 0 0 1 0 1 1 0
0 1 1 0 0 0 1 1
1 0 0 1 0 1 0 1
0 1 1 1 0 0 1 1
0 1 0 1 0 1 1 1
0 0 0 1 1 1 0 0
0 0 1 1 0 1 0 1
1 1 0 1 0 0 1 1
0 1 0 1 0 0 1 1
1 1 1 0 0 0 1 1
0 1 1 1 0 1 1 1
1 0 0 1 1 1 1 0
1 0 1 1 1 1 1 0
0 1 0 1 0 0 1 1
1 0 0 1 0 1 0 0
0 0 1 1 0 0 1 1
1 1 1 0 0 0 1 1
1 1 0 1 0 0 0 1
1 0 0 1 0 0 1 1
1 0 0 1 0 1 1 0
0 1 0 0 0 0 0 1
1 1 0 1 1 1 1 1
0 0 1 1 0 0 1 1
1 1 1 1 0 0 1 1
1 1 1 1 0 1 0 1
0 1 0 1 1 0 1 1
0 1 1 1 0 0 1 1
1 1 1 1 0 0 1 1
1 1 1 0 1 0 1 1
0 1 1 1 1 0 1 1
0 0 1 1 0 0 1 1
0 1 1 1 0 0 1 1
1 1 1 1 0 1 1 1
1 1 1 0 0 0 0 1
1 1 1 1 0 0 1 1
1 0 0 1 0 1 1 1
0 0 0 0 0 0 0 0
1 1 1 1 0 1 0 1
0 1 1 1 0 1 0 1
0 1 1 1 1 0 1 0
1 1 1 1 0 1 0 1
0 1 0 1 0 1 0 1
0 0 1 1 0 1 0 1
1 1 1 1 0 1 1 1
1 1 1 1 0 1 0 1
0 1 1 1 1 1 1 1
0 1 1 1 0 0 1 1
1 1 1 1 0 0 1 1
0 1 1 1 0 0 1 1
0 1 1 1 0 0 1 1
0 1 1 1 0 0 1 1
0 1 1 1 1 0 1 1
1 0 1 1 0 1 0 1
1 1 0 0 0 0 1 1
0 1 1 1 0 1 1 1
1 1 1 0 1 0 1 1
0 1 0 1 0 0 0 1
0 1 1 1 0 0 1 1
0 1 0 1 0 0 1 1
0 1 0 1 1 0 1 1
1 1 0 1 0 1 1 1
0 1 1 1 0 0 1 1
1 1 1 1 1 0 1 1
1 1 0 1 0 1 1 1
1 0 0 1 1 1 0 0
0 0 0 0 1 0 1 0
1 0 1 1 1 1 1 0
0 0 1 1 1 0 1 1
0 1 0 1 0 0 0 1
1 1 1 1 0 0 1 1
0 1 1 1 0 1 1 1
0 1 0 1 1 0 1 1
0 0 1 1 0 1 1 1
1 1 1 0 0 0 0 1
1 1 1 1 1 1 1 1
1 1 1 0 1 0 1 1
0 1 1 1 0 1 1 1
0 0 1 1 0 0 0 1
1 1 1 1 1 1 1 1
1 1 1 0 1 0 1 1
1 1 0 1 0 0 0 1
0 0 0 1 1 0 1 0
0 1 1 1 0 0 1 1
0 1 1 0 0 0 1 1
1 1 1 0 0 1 0 1
1 1 1 1 0 1 1 1
1 0 1 1 0 1 1 1
1 1 0 1 0 1 1 1
0 1 0 1 1 1 1 1
0 1 1 1 1 0 1 1
1 0 1 1 0 0 1 1
0 0 1 1 1 1 0 1
0 0 1 1 0 1 1 1
0 1 1 1 1 0 1 1
1 1 1 1 1 1 1 1
0 0 1 0 0 0 1 1
1 1 0 1 0 1 0 1
1 1 0 1 1 0 0 1
1 0 1 0 1 0 1 1
1 1 1 1 0 0 1 1
1 1 0 1 0 0 1 1
1 1 1 1 0 1 1 1
1 1 1 1 1 1 1 1
1 1 0 0 0 1 1 1
1 0 1 1 0 1 1 0
1 1 1 1 1 1 1 1
0 0 0 1 1 0 1 0
0 1 0 1 0 0 0 1
0 1 1 1 1 0 1 1
1 1 1 1 0 0 1 1
1 0 1 1 0 1 1 1
1 1 1 1 0 1 1 1
1 0 0 1 0 1 1 0
0 1 1 1 1 0 1 1
0 1 0 1 0 0 1 1
0 1 1 1 0 0 1 1
1 1 0 1 0 0 1 1
0 1 1 0 1 0 1 1
1 1 0 1 0 0 0 1
0 1 0 1 0 0 1 1
0 1 1 0 1 0 1 1
1 0 1 1 0 1 1 1
1 1 1 0 0 0 0 1
1 1 1 0 1 1 1 1
0 1 1 1 0 0 1 1
0 0 1 1 0 0 1 0
1 0 0 0 1 1 1 1
0 0 1 1 1 1 1 0
0 1 1 1 0 0 1 1
1 1 1 1 0 1 1 1
0 1 1 1 1 1 1 1
1 0 1 1 0 1 1 1
1 0 0 1 1 0 1 0
1 1 0 0 0 0 1 1
1 1 1 1 1 1 0 1
0 1 0 1 0 1 0 1
1 1 0 0 0 0 0 1
1 0 0 1 1 1 0 0
0 1 0 1 0 0 1 1
1 1 1 1 0 1 1 1
1 0 1 0 0 1 1 1
1 0 1 1 0 1 1 1
0 1 1 0 0 0 1 1
0 0 0 1 0 1 0 1
0 1 0 1 0 0 0 1
0 1 1 1 0 1 1 1
0 1 0 1 0 0 0 1
1 0 0 1 0 1 1 0
1 1 0 1 1 1 0 1
0 1 1 1 0 0 1 1
1 0 1 1 0 1 1 1
1 1 1 0 1 0 1 1
0 1 0 1 0 0 0 1
1 1 0 1 0 1 0 1
1 0 0 1 0 0 1 0
1 1 0 1 0 0 1 1
1 1 1 1 0 0 1 1
1 1 1 1 1 0 0 1
1 1 0 0 0 0 1 1
1 1 0 0 1 0 1 0
1 1 1 1 0 0 1 1
1 0 1 1 1 0 1 0
1 1 0 1 0 1 0 1
0 1 1 1 0 0 0 1
0 1 1 1 0 0 1 1
0 0 1 1 1 0 1 0
0 1 1 1 0 1 1 1
1 1 1 1 0 0 1 1
0 1 1 0 0 0 1 1
0 1 0 1 0 1 1 1
0 0 0 1 0 1 1 1
1 1 0 0 0 0 1 1
1 1 1 1 0 1 0 1
1 1 1 1 1 1 1 1
1 1 1 0 0 0 1 1
0 1 1 1 0 0 1 1
0 1 1 1 0 0 1 1
1 1 0 1 1 1 1 1
1 1 1 0 1 0 0 1
1 0 1 1 1 0 1 1
0 0 1 0 1 0 1 0
0 1 0 0 0 0 0 1
1 1 1 1 0 0 1 1
0 1 1 1 0 0 1 1
1 1 1 0 1 0 1 1
0 1 1 1 1 0 1 1
1 1 0 1 1 0 0 1
0 1 0 1 0 0 0 1
0 1 0 1 1 1 1 1
0 1 1 1 1 1 1 1
1 1 0 0 1 1 0 1
0 0 1 1 1 1 0 0
0 1 0 1 1 1 1 0
0 1 1 1 0 0 1 1
0 1 1 1 1 0 1 1
1 1 1 1 0 0 1 1
1 1 1 1 0 1 1 1
1 1 1 1 0 0 1 1
0 1 1 1 0 1 1 1
0 1 1 1 0 0 1 1
1 1 1 1 0 0 1 1
0 1 1 1 0 0 0 1
0 1 0 1 1 0 0 1
0 1 0 1 1 0 1 1
1 1 1 0 0 0 1 1
0 0 0 0 0 1 0 1
1 1 1 1 1 1 1 1
1 1 0 1 0 1 1 1
1 1 1 0 1 1 1 1
1 1 1 0 0 0 1 1
0 1 1 1 1 0 1 1
1 1 0 1 0 1 1 1
1 0 1 1 0 1 1 1
1 1 0 1 1 1 0 1
1 1 1 0 0 1 1 1
0 1 1 1 0 1 0 1
0 1 1 1 0 1 1 1
0 1 1 1 1 1 1 1
1 1 1 1 0 0 1 1
1 1 1 1 1 0 1 1
0 1 1 1 0 1 1 1
1 0 1 0 1 1 1 0
0 1 1 1 0 0 1 1
0 0 0 1 1 0 1 0
1 1 1 1 1 1 1 1
1 1 0 1 0 1 1 1
0 0 0 0 0 0 0 1
1 1 1 1 1 1 0 1
1 1 1 0 0 1 0 1
1 1 0 1 0 0 1 1
1 1 0 1 0 0 1 1
0 1 1 1 0 0 1 1
1 1 1 0 0 0 1 1
1 1 0 1 1 0 0 0
1 1 1 1 0 0 1 1
0 1 1 1 1 1 1 1
1 1 1 1 0 0 0 1
0 0 0 1 1 1 0 0
0 0 1 1 0 0 1 1
0 0 0 0 1 0 1 1
1 1 1 0 1 0 1 0
1 1 1 1 0 0 0 1
1 1 1 0 0 0 1 1
1 1 1 1 0 0 1 1
1 1 0 1 0 0 1 1
0 1 1 0 0 0 1 1
1 1 1 1 0 0 1 1
0 1 1 1 0 0 1 1
0 1 1 0 1 0 0 1
0 1 1 1 0 1 1 1
0 0 0 0 0 1 0 1
0 0 1 1 1 1 1 1
1 1 1 1 1 1 1 1
0 1 1 1 0 0 1 1
0 0 1 1 0 0 1 1
1 1 1 1 0 1 1 1
1 1 1 1 0 1 1 1
1 1 0 0 0 0 1 1
1 1 1 1 0 0 0 1
1 0 1 1 0 1 1 1
0 1 1 1 1 0 1 1
0 0 0 1 1 1 0 0
1 0 0 1 1 1 1 1
0 0 1 1 1 1 1 1
0 0 1 1 1 1 1 0
1 0 0 1 0 1 0 0
0 1 1 1 0 1 1 1
1 1 1 1 1 0 1 1
0 1 1 0 0 0 1 1
0 1 0 1 0 0 1 1
0 1 1 0 1 0 1 1
1 0 1 1 0 0 0 1
0 0 1 1 0 1 1 1
0 0 1 1 1 0 1 1
0 0 1 1 0 0 1 1
1 1 1 1 1 0 1 1
1 1 0 1 0 1 0 1
1 0 0 1 1 1 1 0
1 1 0 1 0 1 0 1
1 1 0 1 1 1 1 1
1 0 1 1 0 0 1 0
1 1 0 0 0 0 0 1
0 0 1 1 1 1 1 1
0 1 0 1 1 0 1 0
1 1 0 1 0 1 1 1
0 1 0 1 0 0 0 1
1 1 1 1 0 1 1 1
1 0 1 1 0 0 1 1
1 1 0 1 1 0 1 1
0 1 1 1 0 0 1 1
0 0 1 1 0 1 0 1
0 0 0 1 0 1 0 0
1 1 1 1 1 1 1 1
1 1 1 1 0 1 1 1
1 1 0 1 0 1 0 1
0 0 0 0 1 0 1 0
0 0 0 0 0 0 1 0
1 1 1 1 0 1 0 1
0 1 0 1 0 1 1 1
0 1 1 0 1 0 1 1
0 1 1 1 0 0 1 1
1 1 1 1 0 1 0 1
0 1 1 1 0 0 1 1
1 1 0 1 0 1 0 1
1 1 1 1 1 0 1 1
1 1 0 1 1 0 1 0
1 0 0 1 1 1 1 1
0 1 0 1 1 1 0 1
0 0 0 1 1 0 1 0
0 1 0 1 0 1 1 1
0 1 1 1 0 0 1 1
0 1 1 1 0 1 1 1
0 1 1 1 0 0 1 1
0 1 1 0 0 0 1 1
1 1 1 0 1 1 1 1
1 0 1 1 0 1 1 1
0 1 0 1 0 1 1 1
0 1 0 0 0 0 0 1
0 1 0 1 0 0 1 1
1 1 1 1 1 1 1 1
0 1 1 1 0 1 1 1
0 1 1 0 0 0 1 1
0 1 1 1 0 0 1 1
1 1 0 1 0 1 0 1
0 1 1 1 0 0 1 1
0 0 0 0 1 0 1 1
0 0 1 1 0 1 1 1
1 1 1 1 0 1 1 1
0 1 1 0 0 0 1 1
1 1 1 1 0 1 0 1
0 1 1 0 0 0 0 1
0 1 0 1 1 1 1 1
1 0 1 1 1 1 0 1
1 1 1 0 1 0 1 1
1 1 1 1 0 0 1 1
1 1 1 1 1 1 1 1
1 1 0 0 0 0 0 1
0 1 1 0 0 0 1 1
0 1 1 0 0 0 1 1
1 0 1 1 0 1 1 1
1 1 0 1 0 1 1 1
0 0 1 1 0 1 1 1
0 1 1 1 0 0 0 1
1 0 1 1 0 0 1 1
1 1 1 1 1 0 1 1
0 1 0 0 0 0 0 1
1 1 0 0 0 0 1 1
1 1 1 0 1 0 1 1
0 1 1 1 0 0 1 1
1 1 1 1 1 1 1 1
0 1 0 1 0 1 1 1
0 1 0 1 0 1 1 1
0 0 0 1 0 0 1 1
0 0 1 1 1 0 1 1
0 1 1 1 0 0 0 1
0 0 0 1 1 0 0 0
0 1 1 1 0 1 1 1
1 1 1 1 0 1 1 1
0 1 1 1 0 0 0 1
0 1 0 1 0 1 1 1
0 1 1 1 0 0 0 1
1 1 1 1 0 1 1 1
1 1 1 1 0 0 1 1
1 0 0 1 1 1 1 0
1 1 1 1 0 1 0 1
0 1 1 1 1 0 1 1
0 1 1 1 0 0 0 1
0 0 0 1 1 0 0 1
0 1 0 0 1 0 0 0
0 1 1 1 0 1 1 1
0 1 1 1 0 1 1 1
1 1 0 1 0 1 1 1
0 0 1 1 1 1 1 0
0 0 1 1 1 0 1 1
1 1 1 0 0 0 1 1
1 1 1 1 0 1 1 1
0 0 0 0 1 0 1 0
1 1 0 1 0 0 1 1
1 1 1 1 0 0 0 1
0 1 1 0 0 0 1 1
1 1 0 1 0 0 1 1
0 1 1 1 0 1 1 1
0 1 1 1 0 0 0 1
0 0 1 0 0 0 1 1
1 1 1 0 0 0 1 1
0 1 1 1 0 0 1 1
0 1 1 1 1 1 1 1
0 0 1 1 0 0 1 1
0 0 0 1 1 1 1 0
0 0 1 1 1 0 1 0
0 0 0 0 1 0 1 0
1 1 0 1 0 0 0 1
1 1 1 1 0 1 1 1
0 1 1 0 0 0 1 1
1 1 0 1 0 0 1 1
1 1 1 1 0 1 1 1
1 1 0 1 0 1 1 0
1 1 1 1 1 1 1 1
1 1 1 0 0 0 1 1
0 0 1 0 0 0 0 1
0 1 1 0 1 0 1 1
1 1 0 1 0 0 1 1
1 1 1 1 0 1 1 1
0 0 0 1 1 1 1 0
1 0 1 1 0 1 0 1
0 1 1 0 0 0 1 1
1 1 1 1 0 0 1 1
0 1 1 1 1 1 1 1
0 1 1 1 1 1 1 1
1 1 1 1 0 0 1 1
0 1 1 1 0 0 1 1
1 0 0 1 1 1 0 1
1 0 0 1 1 1 1 0
0 1 1 1 0 0 1 1
1 1 0 1 0 0 1 1
0 0 1 1 0 1 1 1
0 1 1 0 0 0 1 1
1 1 1 1 0 0 1 1
1 0 1 1 0 1 1 1
0 0 1 1 1 0 1 0
0 1 1 1 1 1 1 1
1 1 1 1 1 1 0 1
1 1 0 0 0 0 1 1
0 1 0 1 0 1 0 1
1 1 1 0 0 0 0 1
0 1 0 1 0 0 0 1
1 1 1 1 1 0 1 1
0 1 0 1 0 0 1 1
1 1 0 1 0 1 1 1
1 0 0 1 0 1 0 1
1 1 1 0 0 0 1 1
0 1 1 1 0 1 1 1
1 1 1 0 1 0 1 1
0 1 1 1 1 0 1 1
0 0 0 1 1 1 1 0
1 1 1 1 0 1 1 1
0 1 1 1 1 1 1 1
0 0 1 0 0 0 0 0
1 1 1 1 0 1 0 1
1 1 0 1 0 1 1 1
1 1 1 1 0 1 1 1
1 1 1 1 0 1 1 1
1 1 0 1 0 1 1 1
1 1 1 0 0 0 1 1
0 1 0 0 1 0 1 0
0 0 0 0 1 0 0 0
1 1 0 1 0 0 0 1
1 1 0 1 0 0 1 1
1 1 1 0 0 0 1 1
0 1 1 0 0 0 1 1
1 1 0 1 0 1 0 1
1 1 0 1 0 1 1 1
1 1 1 1 0 0 1 1
0 1 0 1 1 1 0 0
0 1 1 1 0 0 1 1
0 1 1 1 0 0 1 1
0 1 1 1 0 1 1 1
1 1 0 1 0 1 0 1
1 1 1 0 1 0 1 1
0 1 1 1 0 0 0 1
0 0 1 1 1 1 1 0
0 1 1 1 0 0 1 1
0 1 1 1 0 1 1 1
0 1 0 1 1 1 1 1
0 1 1 1 0 0 1 1
0 0 0 1 1 1 0 0
0 1 0 1 0 0 0 1
1 1 1 1 0 1 1 1
0 1 1 1 0 0 1 1
0 0 0 1 0 1 1 0
0 1 1 1 0 1 1 1
1 0 0 1 1 1 0 0
0 0 1 1 0 1 0 1
1 1 1 1 0 0 1 1
0 1 1 0 0 0 1 1
0 1 1 1 1 1 1 1
1 1 1 1 0 1 1 1
0 1 0 0 0 0 1 1
1 1 1 0 0 0 0 1
0 1 1 0 0 0 0 1
1 1 1 1 0 1 1 1
1 0 1 1 1 1 1 1
1 1 1 1 0 0 1 1
1 1 1 0 1 0 1 0
1 1 0 0 1 0 1 1
1 1 1 0 0 0 1 1
1 1 0 0 0 1 1 1
1 0 0 1 0 1 0 1
0 1 1 1 0 0 1 1
0 1 1 0 0 0 1 1
0 1 1 1 0 0 1 1
0 1 1 1 0 0 0 1
1 1 1 1 0 1 1 1
1 0 0 1 1 1 1 0
0 0 1 1 0 1 1 1
0 1 0 1 0 0 1 1
1 1 0 0 1 0 0 1
0 0 1 1 0 1 0 1
0 1 0 1 1 1 1 1
1 0 0 0 0 1 1 0
1 1 1 0 0 1 1 1
0 1 0 1 0 1 1 1
1 1 1 1 0 0 1 1
1 0 0 1 0 1 1 1
0 1 0 0 0 0 0 1
1 1 1 0 1 1 1 1
0 1 1 1 1 0 1 1
1 1 1 1 0 0 1 1
1 1 0 1 0 1 0 1
0 0 0 1 0 0 1 1
1 0 0 1 1 0 1 0
1 1 0 1 0 1 1 1
0 0 0 1 1 0 1 0
0 1 1 1 1 0 1 1
1 1 0 0 0 0 0 1
1 1 0 0 0 0 0 1
0 1 0 1 1 0 1 0
0 1 1 1 0 1 1 1
0 1 0 1 1 1 1 1
0 0 1 1 1 0 1 1
0 1 1 0 0 0 1 1
0 1 1 1 0 0 1 1
0 1 1 1 0 1 1 1
1 1 0 1 1 1 1 1
0 1 1 0 1 0 1 1
1 0 1 1 0 1 1 1
0 1 0 1 1 0 1 1
0 0 1 0 0 0 1 1
0 1 0 1 0 0 1 1
0 0 0 1 1 0 0 0
1 1 1 1 0 1 1 1
0 0 1 0 0 0 1 1
0 0 1 1 0 1 1 1
0 1 0 1 0 0 1 1
0 1 1 1 0 0 1 1
0 1 1 1 1 0 1 1