10
0.112941 0.39010 0.087941 0.4334024 0.075 0.4816987 0.075 0.5316987 0.10 0.575 0.150 0.575 0.175 0.5316987 0.175 0.4816987 0.162059 0.4334024 0.137059 0.39010
0.887059 0.95989887 0.912059 0.9165976 0.925 0.8683013 0.925 0.8183013 0.900 0.775 0.850 0.775 0.825 0.8183013 0.825 0.8683013 0.83794095 0.91659759 0.86294095 0.95989886
6
0.2 0.0 0.35 0.0 0.35 0.2 0.2 0.2
0.2 0.3 0.35 0.3 0.35 0.7 0.3 0.7
0.2 0.85 0.35 0.85 0.35 1.0 0.2 1.0
0.35 0.45 0.7 0.45 0.7 0.55 0.35 0.55
0.6 0.55 0.7 0.55 0.7 0.93 0.6 0.93
0.6 0.95 0.7 0.95 0.7 1.0 0.6 1.0
