8
0.05 0.1383974 0.025 0.1816987 0.025 0.2316987 0.050 0.275 0.100 0.275 0.125 0.2316987 0.125 0.1816987 0.1 0.1383974
0.95 0.61160257 0.975 0.5683013 0.975 0.5183013 0.950 0.475 0.90 0.475 0.875 0.5183013 0.875 0.5683013 0.9 0.61160257
16
0.15 0.15 0.25 0.15 0.25 0.25 0.15 0.25
0.4 0.15 0.5 0.15 0.5 0.25 0.4 0.25
0.65 0.15 0.75 0.15 0.75 0.25 0.65 0.25
0.9 0.15 1.0 0.15 1.0 0.25 0.9 0.25
0.0 0.4 0.1 0.4 0.1 0.5 0.0 0.5
0.25 0.4 0.35 0.4 0.35 0.5 0.25 0.5
0.5 0.4 0.6 0.4 0.6 0.5 0.5 0.5
0.75 0.4 0.85 0.4 0.85 0.5 0.75 0.5
0.15 0.65 0.25 0.65 0.25 0.75 0.15 0.75
0.4 0.65 0.5 0.65 0.5 0.75 0.4 0.75
0.65 0.65 0.75 0.65 0.75 0.75 0.65 0.75
0.9 0.65 1.0 0.65 1.0 0.75 0.9 0.75
0.0 0.9 0.1 0.9 0.1 1.0 0.0 1.0
0.25 0.9 0.35 0.9 0.35 1.0 0.25 1.0
0.5 0.9 0.6 0.9 0.6 1.0 0.5 1.0
0.75 0.9 0.85 0.9 0.85 1.0 0.75 1.0


