701 2.0999999999999996
0.15 0.225 0.15 0.275 0.2 0.275
0.15100143061516452 0.225 0.15100143061516452 0.275 0.2010014306151645 0.275
0.15200286123032905 0.225 0.15200286123032905 0.275 0.20200286123032907 0.275
0.15300429184549358 0.225 0.15300429184549358 0.275 0.20300429184549357 0.275
0.1540057224606581 0.225 0.1540057224606581 0.275 0.20400572246065812 0.275
0.15500715307582263 0.225 0.15500715307582263 0.275 0.20500715307582262 0.275
0.15600858369098716 0.225 0.15600858369098716 0.275 0.20600858369098718 0.275
0.1570100143061517 0.225 0.1570100143061517 0.275 0.20701001430615168 0.275
0.15801144492131622 0.225 0.15801144492131622 0.275 0.20801144492131624 0.275
0.15901287553648075 0.225 0.15901287553648075 0.275 0.20901287553648074 0.275
0.16001430615164527 0.225 0.16001430615164527 0.275 0.2100143061516453 0.275
0.1610157367668098 0.225 0.1610157367668098 0.275 0.2110157367668098 0.275
0.16201716738197433 0.225 0.16201716738197433 0.275 0.21201716738197435 0.275
0.16301859799713886 0.225 0.16301859799713886 0.275 0.21301859799713885 0.275
0.1640200286123034 0.225 0.1640200286123034 0.275 0.2140200286123034 0.275
0.16502145922746791 0.225 0.16502145922746791 0.275 0.2150214592274679 0.275
0.16602288984263244 0.225 0.16602288984263244 0.275 0.21602288984263246 0.275
0.16702432045779697 0.225 0.16702432045779697 0.275 0.21702432045779696 0.275
0.1680257510729615 0.225 0.1680257510729615 0.275 0.21802575107296152 0.275
0.16902718168812603 0.225 0.16902718168812603 0.275 0.21902718168812602 0.275
0.17002861230329055 0.225 0.17002861230329055 0.275 0.22002861230329057 0.275
0.17103004291845508 0.225 0.17103004291845508 0.275 0.22103004291845507 0.275
0.1720314735336196 0.225 0.1720314735336196 0.275 0.22203147353361963 0.275
0.17303290414878414 0.225 0.17303290414878414 0.275 0.22303290414878413 0.275
0.17403433476394867 0.225 0.17403433476394867 0.275 0.22403433476394868 0.275
0.1750357653791132 0.225 0.1750357653791132 0.275 0.22503576537911318 0.275
0.17603719599427772 0.225 0.17603719599427772 0.275 0.22603719599427774 0.275
0.17703862660944225 0.225 0.17703862660944225 0.275 0.22703862660944224 0.275
0.17804005722460678 0.225 0.17804005722460678 0.275 0.2280400572246068 0.275
0.1790414878397713 0.225 0.1790414878397713 0.275 0.2290414878397713 0.275
0.18004291845493584 0.225 0.18004291845493584 0.275 0.23004291845493585 0.275
0.18104434907010036 0.225 0.18104434907010036 0.275 0.23104434907010035 0.275
0.1820457796852649 0.225 0.1820457796852649 0.275 0.2320457796852649 0.275
0.18304721030042942 0.225 0.18304721030042942 0.275 0.2330472103004294 0.275
0.18404864091559395 0.225 0.18404864091559395 0.275 0.23404864091559396 0.275
0.18505007153075848 0.225 0.18505007153075848 0.275 0.23505007153075846 0.275
0.186051502145923 0.225 0.186051502145923 0.275 0.23605150214592302 0.275
0.18705293276108753 0.225 0.18705293276108753 0.275 0.23705293276108752 0.275
0.18805436337625206 0.225 0.18805436337625206 0.275 0.23805436337625208 0.275
0.1890557939914166 0.225 0.1890557939914166 0.275 0.23905579399141658 0.275
0.19005722460658112 0.225 0.19005722460658112 0.275 0.24005722460658113 0.275
0.19105865522174564 0.225 0.19105865522174564 0.275 0.24105865522174563 0.275
0.19206008583691017 0.225 0.19206008583691017 0.275 0.2420600858369102 0.275
0.1930615164520747 0.225 0.1930615164520747 0.275 0.2430615164520747 0.275
0.19406294706723923 0.225 0.19406294706723923 0.275 0.24406294706723924 0.275
0.19506437768240376 0.225 0.19506437768240376 0.275 0.24506437768240374 0.275
0.19606580829756828 0.225 0.19606580829756828 0.275 0.2460658082975683 0.275
0.1970672389127328 0.225 0.1970672389127328 0.275 0.2470672389127328 0.275
0.19806866952789734 0.225 0.19806866952789734 0.275 0.24806866952789736 0.275
0.19907010014306187 0.225 0.19907010014306187 0.275 0.24907010014306186 0.275
0.2000715307582264 0.225 0.2000715307582264 0.275 0.2500715307582264 0.275
0.20107296137339092 0.225 0.20107296137339092 0.275 0.2510729613733909 0.275
0.20207439198855545 0.225 0.20207439198855545 0.275 0.25207439198855547 0.275
0.20307582260371998 0.225 0.20307582260371998 0.275 0.25307582260371997 0.275
0.2040772532188845 0.225 0.2040772532188845 0.275 0.2540772532188845 0.275
0.20507868383404904 0.225 0.20507868383404904 0.275 0.255078683834049 0.275
0.20608011444921356 0.225 0.20608011444921356 0.275 0.2560801144492136 0.275
0.2070815450643781 0.225 0.2070815450643781 0.275 0.2570815450643781 0.275
0.20808297567954262 0.225 0.20808297567954262 0.275 0.25808297567954264 0.275
0.20908440629470715 0.225 0.20908440629470715 0.275 0.25908440629470714 0.275
0.21008583690987168 0.225 0.21008583690987168 0.275 0.2600858369098717 0.275
0.2110872675250362 0.225 0.2110872675250362 0.275 0.2610872675250362 0.275
0.21208869814020073 0.225 0.21208869814020073 0.275 0.26208869814020075 0.275
0.21309012875536526 0.225 0.21309012875536526 0.275 0.26309012875536525 0.275
0.2140915593705298 0.225 0.2140915593705298 0.275 0.2640915593705298 0.275
0.21509298998569432 0.225 0.21509298998569432 0.275 0.2650929899856943 0.275
0.21609442060085884 0.225 0.21609442060085884 0.275 0.26609442060085886 0.275
0.21709585121602337 0.225 0.21709585121602337 0.275 0.26709585121602336 0.275
0.2180972818311879 0.225 0.2180972818311879 0.275 0.2680972818311879 0.275
0.21909871244635243 0.225 0.21909871244635243 0.275 0.2690987124463524 0.275
0.22010014306151696 0.225 0.22010014306151696 0.275 0.270100143061517 0.275
0.22110157367668148 0.225 0.22110157367668148 0.275 0.2711015736766815 0.275
0.222103004291846 0.225 0.222103004291846 0.275 0.27210300429184603 0.275
0.22310443490701054 0.225 0.22310443490701054 0.275 0.27310443490701053 0.275
0.22410586552217507 0.225 0.22410586552217507 0.275 0.2741058655221751 0.275
0.2251072961373396 0.225 0.2251072961373396 0.275 0.2751072961373396 0.275
0.22610872675250412 0.225 0.22610872675250412 0.275 0.27610872675250414 0.275
0.22711015736766865 0.225 0.22711015736766865 0.275 0.27711015736766864 0.275
0.22811158798283318 0.225 0.22811158798283318 0.275 0.2781115879828332 0.275
0.2291130185979977 0.225 0.2291130185979977 0.275 0.2791130185979977 0.275
0.23011444921316224 0.225 0.23011444921316224 0.275 0.28011444921316225 0.275
0.23111587982832676 0.225 0.23111587982832676 0.275 0.28111587982832675 0.275
0.2321173104434913 0.225 0.2321173104434913 0.275 0.2821173104434913 0.275
0.23311874105865582 0.225 0.23311874105865582 0.275 0.2831187410586558 0.275
0.23412017167382035 0.225 0.23412017167382035 0.275 0.28412017167382037 0.275
0.23512160228898488 0.225 0.23512160228898488 0.275 0.28512160228898487 0.275
0.2361230329041494 0.225 0.2361230329041494 0.275 0.2861230329041494 0.275
0.23712446351931393 0.225 0.23712446351931393 0.275 0.2871244635193139 0.275
0.23812589413447846 0.225 0.23812589413447846 0.275 0.2881258941344785 0.275
0.239127324749643 0.225 0.239127324749643 0.275 0.289127324749643 0.275
0.24012875536480752 0.225 0.24012875536480752 0.275 0.29012875536480753 0.275
0.24113018597997204 0.225 0.24113018597997204 0.275 0.29113018597997203 0.275
0.24213161659513657 0.225 0.24213161659513657 0.275 0.2921316165951366 0.275
0.2431330472103011 0.225 0.2431330472103011 0.275 0.2931330472103011 0.275
0.24413447782546563 0.225 0.24413447782546563 0.275 0.29413447782546565 0.275
0.24513590844063016 0.225 0.24513590844063016 0.275 0.29513590844063015 0.275
0.24613733905579468 0.225 0.24613733905579468 0.275 0.2961373390557947 0.275
0.2471387696709592 0.225 0.2471387696709592 0.275 0.2971387696709592 0.275
0.24814020028612374 0.225 0.24814020028612374 0.275 0.29814020028612376 0.275
0.24914163090128827 0.225 0.24914163090128827 0.275 0.29914163090128826 0.275
0.25014306151645277 0.225 0.25014306151645277 0.275 0.30014306151645276 0.275
0.25114449213161727 0.225 0.25114449213161727 0.275 0.30114449213161726 0.275
0.25214592274678177 0.225 0.25214592274678177 0.275 0.30214592274678176 0.275
0.25314735336194627 0.225 0.25314735336194627 0.275 0.30314735336194626 0.275
0.25414878397711077 0.225 0.25414878397711077 0.275 0.30414878397711076 0.275
0.25515021459227527 0.225 0.25515021459227527 0.275 0.30515021459227526 0.275
0.25615164520743977 0.225 0.25615164520743977 0.275 0.30615164520743976 0.275
0.25715307582260427 0.225 0.25715307582260427 0.275 0.30715307582260426 0.275
0.25815450643776877 0.225 0.25815450643776877 0.275 0.30815450643776876 0.275
0.25915593705293327 0.225 0.25915593705293327 0.275 0.30915593705293326 0.275
0.26015736766809777 0.225 0.26015736766809777 0.275 0.31015736766809776 0.275
0.2611587982832623 0.225 0.2611587982832623 0.275 0.31115879828326226 0.275
0.2621602288984268 0.225 0.2621602288984268 0.275 0.31216022889842676 0.275
0.2631616595135913 0.225 0.2631616595135913 0.275 0.31316165951359126 0.275
0.2641630901287558 0.225 0.2641630901287558 0.275 0.31416309012875576 0.275
0.2651645207439203 0.225 0.2651645207439203 0.275 0.31516452074392026 0.275
0.2661659513590848 0.225 0.2661659513590848 0.275 0.31616595135908476 0.275
0.2671673819742493 0.225 0.2671673819742493 0.275 0.31716738197424926 0.275
0.2681688125894138 0.225 0.2681688125894138 0.275 0.31816881258941376 0.275
0.2691702432045783 0.225 0.2691702432045783 0.275 0.31917024320457826 0.275
0.2701716738197428 0.225 0.2701716738197428 0.275 0.32017167381974276 0.275
0.2711731044349073 0.225 0.2711731044349073 0.275 0.32117310443490726 0.275
0.2721745350500718 0.225 0.2721745350500718 0.275 0.32217453505007176 0.275
0.2731759656652363 0.225 0.2731759656652363 0.275 0.32317596566523626 0.275
0.2741773962804008 0.225 0.2741773962804008 0.275 0.32417739628040076 0.275
0.2751788268955653 0.225 0.2751788268955653 0.275 0.32517882689556526 0.275
0.2761802575107298 0.225 0.2761802575107298 0.275 0.32618025751072977 0.275
0.2771816881258943 0.225 0.2771816881258943 0.275 0.32718168812589427 0.275
0.2781831187410588 0.225 0.2781831187410588 0.275 0.32818311874105877 0.275
0.2791845493562233 0.225 0.2791845493562233 0.275 0.32918454935622327 0.275
0.2801859799713878 0.225 0.2801859799713878 0.275 0.33018597997138777 0.275
0.2811874105865523 0.225 0.2811874105865523 0.275 0.33118741058655227 0.275
0.2821888412017168 0.225 0.2821888412017168 0.275 0.33218884120171677 0.275
0.2831902718168813 0.225 0.2831902718168813 0.275 0.33319027181688127 0.275
0.2841917024320458 0.225 0.2841917024320458 0.275 0.33419170243204577 0.275
0.2851931330472103 0.225 0.2851931330472103 0.275 0.33519313304721027 0.275
0.2861945636623748 0.225 0.2861945636623748 0.275 0.33619456366237477 0.275
0.2871959942775393 0.225 0.2871959942775393 0.275 0.33719599427753927 0.275
0.2881974248927038 0.225 0.2881974248927038 0.275 0.33819742489270377 0.275
0.2891988555078683 0.225 0.2891988555078683 0.275 0.33919885550786827 0.275
0.2902002861230328 0.225 0.2902002861230328 0.275 0.34020028612303277 0.275
0.2912017167381973 0.225 0.2912017167381973 0.275 0.34120171673819727 0.275
0.2922031473533618 0.225 0.2922031473533618 0.275 0.34220314735336177 0.275
0.2932045779685263 0.225 0.2932045779685263 0.275 0.34320457796852627 0.275
0.2942060085836908 0.225 0.2942060085836908 0.275 0.34420600858369077 0.275
0.2952074391988553 0.225 0.2952074391988553 0.275 0.34520743919885527 0.275
0.2962088698140198 0.225 0.2962088698140198 0.275 0.34620886981401977 0.275
0.2972103004291843 0.225 0.2972103004291843 0.275 0.34721030042918427 0.275
0.2982117310443488 0.225 0.2982117310443488 0.275 0.34821173104434877 0.275
0.2992131616595133 0.225 0.2992131616595133 0.275 0.34921316165951327 0.275
0.3002145922746778 0.225 0.3002145922746778 0.275 0.35021459227467777 0.275
0.3012160228898423 0.225 0.3012160228898423 0.275 0.35121602288984227 0.275
0.3022174535050068 0.225 0.3022174535050068 0.275 0.3522174535050068 0.275
0.3032188841201713 0.225 0.3032188841201713 0.275 0.3532188841201713 0.275
0.3042203147353358 0.225 0.3042203147353358 0.275 0.3542203147353358 0.275
0.3052217453505003 0.225 0.3052217453505003 0.275 0.3552217453505003 0.275
0.3062231759656648 0.225 0.3062231759656648 0.275 0.3562231759656648 0.275
0.3072246065808293 0.225 0.3072246065808293 0.275 0.3572246065808293 0.275
0.3082260371959938 0.225 0.3082260371959938 0.275 0.3582260371959938 0.275
0.3092274678111583 0.225 0.3092274678111583 0.275 0.3592274678111583 0.275
0.3102288984263228 0.225 0.3102288984263228 0.275 0.3602288984263228 0.275
0.3112303290414873 0.225 0.3112303290414873 0.275 0.3612303290414873 0.275
0.3122317596566518 0.225 0.3122317596566518 0.275 0.3622317596566518 0.275
0.3132331902718163 0.225 0.3132331902718163 0.275 0.3632331902718163 0.275
0.3142346208869808 0.225 0.3142346208869808 0.275 0.3642346208869808 0.275
0.3152360515021453 0.225 0.3152360515021453 0.275 0.3652360515021453 0.275
0.3162374821173098 0.225 0.3162374821173098 0.275 0.3662374821173098 0.275
0.3172389127324743 0.225 0.3172389127324743 0.275 0.3672389127324743 0.275
0.3182403433476388 0.225 0.3182403433476388 0.275 0.3682403433476388 0.275
0.3192417739628033 0.225 0.3192417739628033 0.275 0.3692417739628033 0.275
0.3202432045779678 0.225 0.3202432045779678 0.275 0.3702432045779678 0.275
0.3212446351931323 0.225 0.3212446351931323 0.275 0.3712446351931323 0.275
0.3222460658082968 0.225 0.3222460658082968 0.275 0.3722460658082968 0.275
0.3232474964234613 0.225 0.3232474964234613 0.275 0.3732474964234613 0.275
0.3242489270386258 0.225 0.3242489270386258 0.275 0.3742489270386258 0.275
0.3252503576537903 0.225 0.3252503576537903 0.275 0.3752503576537903 0.275
0.3262517882689548 0.225 0.3262517882689548 0.275 0.3762517882689548 0.275
0.3272532188841193 0.225 0.3272532188841193 0.275 0.3772532188841193 0.275
0.3282546494992838 0.225 0.3282546494992838 0.275 0.3782546494992838 0.275
0.3292560801144483 0.225 0.3292560801144483 0.275 0.3792560801144483 0.275
0.3302575107296128 0.225 0.3302575107296128 0.275 0.3802575107296128 0.275
0.3312589413447773 0.225 0.3312589413447773 0.275 0.3812589413447773 0.275
0.3322603719599418 0.225 0.3322603719599418 0.275 0.3822603719599418 0.275
0.3332618025751063 0.225 0.3332618025751063 0.275 0.3832618025751063 0.275
0.3342632331902708 0.225 0.3342632331902708 0.275 0.3842632331902708 0.275
0.3352646638054353 0.225 0.3352646638054353 0.275 0.3852646638054353 0.275
0.3362660944205998 0.225 0.3362660944205998 0.275 0.3862660944205998 0.275
0.3372675250357643 0.225 0.3372675250357643 0.275 0.3872675250357643 0.275
0.3382689556509288 0.225 0.3382689556509288 0.275 0.3882689556509288 0.275
0.3392703862660933 0.225 0.3392703862660933 0.275 0.3892703862660933 0.275
0.3402718168812578 0.225 0.3402718168812578 0.275 0.3902718168812578 0.275
0.3412732474964223 0.225 0.3412732474964223 0.275 0.3912732474964223 0.275
0.3422746781115868 0.225 0.3422746781115868 0.275 0.3922746781115868 0.275
0.3432761087267513 0.225 0.3432761087267513 0.275 0.3932761087267513 0.275
0.3442775393419158 0.225 0.3442775393419158 0.275 0.3942775393419158 0.275
0.3452789699570803 0.225 0.3452789699570803 0.275 0.3952789699570803 0.275
0.3462804005722448 0.225 0.3462804005722448 0.275 0.3962804005722448 0.275
0.3472818311874093 0.225 0.3472818311874093 0.275 0.3972818311874093 0.275
0.3482832618025738 0.225 0.3482832618025738 0.275 0.3982832618025738 0.275
0.3492846924177383 0.225 0.3492846924177383 0.275 0.3992846924177383 0.275
0.3502861230329028 0.225 0.3502861230329028 0.275 0.4002861230329028 0.275
0.3512875536480673 0.225 0.3512875536480673 0.275 0.4012875536480673 0.275
0.3522889842632318 0.225 0.3522889842632318 0.275 0.4022889842632318 0.275
0.3532904148783963 0.225 0.3532904148783963 0.275 0.4032904148783963 0.275
0.3542918454935608 0.225 0.3542918454935608 0.275 0.4042918454935608 0.275
0.3552932761087253 0.225 0.3552932761087253 0.275 0.4052932761087253 0.275
0.3562947067238898 0.225 0.3562947067238898 0.275 0.4062947067238898 0.275
0.3572961373390543 0.225 0.3572961373390543 0.275 0.4072961373390543 0.275
0.3582975679542188 0.225 0.3582975679542188 0.275 0.4082975679542188 0.275
0.3592989985693833 0.225 0.3592989985693833 0.275 0.4092989985693833 0.275
0.3603004291845478 0.225 0.3603004291845478 0.275 0.4103004291845478 0.275
0.3613018597997123 0.225 0.3613018597997123 0.275 0.4113018597997123 0.275
0.3623032904148768 0.225 0.3623032904148768 0.275 0.4123032904148768 0.275
0.3633047210300413 0.225 0.3633047210300413 0.275 0.4133047210300413 0.275
0.3643061516452058 0.225 0.3643061516452058 0.275 0.4143061516452058 0.275
0.3653075822603703 0.225 0.3653075822603703 0.275 0.4153075822603703 0.275
0.3663090128755348 0.225 0.3663090128755348 0.275 0.4163090128755348 0.275
0.3673104434906993 0.225 0.3673104434906993 0.275 0.4173104434906993 0.275
0.3683118741058638 0.225 0.3683118741058638 0.275 0.4183118741058638 0.275
0.3693133047210283 0.225 0.3693133047210283 0.275 0.4193133047210283 0.275
0.3703147353361928 0.225 0.3703147353361928 0.275 0.4203147353361928 0.275
0.3713161659513573 0.225 0.3713161659513573 0.275 0.4213161659513573 0.275
0.3723175965665218 0.225 0.3723175965665218 0.275 0.4223175965665218 0.275
0.3733190271816863 0.225 0.3733190271816863 0.275 0.4233190271816863 0.275
0.3743204577968508 0.225 0.3743204577968508 0.275 0.4243204577968508 0.275
0.3753218884120153 0.225 0.3753218884120153 0.275 0.4253218884120153 0.275
0.3763233190271798 0.225 0.3763233190271798 0.275 0.4263233190271798 0.275
0.3773247496423443 0.225 0.3773247496423443 0.275 0.4273247496423443 0.275
0.3783261802575088 0.225 0.3783261802575088 0.275 0.4283261802575088 0.275
0.3793276108726733 0.225 0.3793276108726733 0.275 0.4293276108726733 0.275
0.3803290414878378 0.225 0.3803290414878378 0.275 0.4303290414878378 0.275
0.3813304721030023 0.225 0.3813304721030023 0.275 0.4313304721030023 0.275
0.3823319027181668 0.225 0.3823319027181668 0.275 0.4323319027181668 0.275
0.3833333333333313 0.225 0.3833333333333313 0.275 0.4333333333333313 0.275
0.3843347639484958 0.225 0.3843347639484958 0.275 0.4343347639484958 0.275
0.3853361945636603 0.225 0.3853361945636603 0.275 0.4353361945636603 0.275
0.3863376251788248 0.225 0.3863376251788248 0.275 0.4363376251788248 0.275
0.3873390557939893 0.225 0.3873390557939893 0.275 0.4373390557939893 0.275
0.3883404864091538 0.225 0.3883404864091538 0.275 0.4383404864091538 0.275
0.3893419170243183 0.225 0.3893419170243183 0.275 0.4393419170243183 0.275
0.3903433476394828 0.225 0.3903433476394828 0.275 0.4403433476394828 0.275
0.3913447782546473 0.225 0.3913447782546473 0.275 0.4413447782546473 0.275
0.3923462088698118 0.225 0.3923462088698118 0.275 0.4423462088698118 0.275
0.3933476394849763 0.225 0.3933476394849763 0.275 0.4433476394849763 0.275
0.3943490701001408 0.225 0.3943490701001408 0.275 0.4443490701001408 0.275
0.3953505007153053 0.225 0.3953505007153053 0.275 0.4453505007153053 0.275
0.3963519313304698 0.225 0.3963519313304698 0.275 0.4463519313304698 0.275
0.3973533619456343 0.225 0.3973533619456343 0.275 0.4473533619456343 0.275
0.3983547925607988 0.225 0.3983547925607988 0.275 0.4483547925607988 0.275
0.3993562231759633 0.225 0.3993562231759633 0.275 0.4493562231759633 0.275
0.4003576537911278 0.225 0.4003576537911278 0.275 0.4503576537911278 0.275
0.4013590844062923 0.225 0.4013590844062923 0.275 0.4513590844062923 0.275
0.4023605150214568 0.225 0.4023605150214568 0.275 0.4523605150214568 0.275
0.4033619456366213 0.225 0.4033619456366213 0.275 0.4533619456366213 0.275
0.4043633762517858 0.225 0.4043633762517858 0.275 0.4543633762517858 0.275
0.4053648068669503 0.225 0.4053648068669503 0.275 0.4553648068669503 0.275
0.4063662374821148 0.225 0.4063662374821148 0.275 0.4563662374821148 0.275
0.4073676680972793 0.225 0.4073676680972793 0.275 0.4573676680972793 0.275
0.4083690987124438 0.225 0.4083690987124438 0.275 0.4583690987124438 0.275
0.4093705293276083 0.225 0.4093705293276083 0.275 0.4593705293276083 0.275
0.4103719599427728 0.225 0.4103719599427728 0.275 0.4603719599427728 0.275
0.4113733905579373 0.225 0.4113733905579373 0.275 0.4613733905579373 0.275
0.4123748211731018 0.225 0.4123748211731018 0.275 0.4623748211731018 0.275
0.4133762517882663 0.225 0.4133762517882663 0.275 0.4633762517882663 0.275
0.4143776824034308 0.225 0.4143776824034308 0.275 0.4643776824034308 0.275
0.4153791130185953 0.225 0.4153791130185953 0.275 0.4653791130185953 0.275
0.4163805436337598 0.225 0.4163805436337598 0.275 0.4663805436337598 0.275
0.4173819742489243 0.225 0.4173819742489243 0.275 0.4673819742489243 0.275
0.4183834048640888 0.225 0.4183834048640888 0.275 0.4683834048640888 0.275
0.4193848354792533 0.225 0.4193848354792533 0.275 0.4693848354792533 0.275
0.4203862660944178 0.225 0.4203862660944178 0.275 0.4703862660944178 0.275
0.4213876967095823 0.225 0.4213876967095823 0.275 0.4713876967095823 0.275
0.4223891273247468 0.225 0.4223891273247468 0.275 0.4723891273247468 0.275
0.4233905579399113 0.225 0.4233905579399113 0.275 0.4733905579399113 0.275
0.4243919885550758 0.225 0.4243919885550758 0.275 0.4743919885550758 0.275
0.4253934191702403 0.225 0.4253934191702403 0.275 0.4753934191702403 0.275
0.4263948497854048 0.225 0.4263948497854048 0.275 0.4763948497854048 0.275
0.4273962804005693 0.225 0.4273962804005693 0.275 0.4773962804005693 0.275
0.4283977110157338 0.225 0.4283977110157338 0.275 0.4783977110157338 0.275
0.4293991416308983 0.225 0.4293991416308983 0.275 0.4793991416308983 0.275
0.4304005722460628 0.225 0.4304005722460628 0.275 0.4804005722460628 0.275
0.4314020028612273 0.225 0.4314020028612273 0.275 0.4814020028612273 0.275
0.4324034334763918 0.225 0.4324034334763918 0.275 0.4824034334763918 0.275
0.4334048640915563 0.225 0.4334048640915563 0.275 0.4834048640915563 0.275
0.4344062947067208 0.225 0.4344062947067208 0.275 0.4844062947067208 0.275
0.4354077253218853 0.225 0.4354077253218853 0.275 0.4854077253218853 0.275
0.4364091559370498 0.225 0.4364091559370498 0.275 0.4864091559370498 0.275
0.4374105865522143 0.225 0.4374105865522143 0.275 0.4874105865522143 0.275
0.4384120171673788 0.225 0.4384120171673788 0.275 0.4884120171673788 0.275
0.4394134477825433 0.225 0.4394134477825433 0.275 0.4894134477825433 0.275
0.4404148783977078 0.225 0.4404148783977078 0.275 0.4904148783977078 0.275
0.4414163090128723 0.225 0.4414163090128723 0.275 0.4914163090128723 0.275
0.4424177396280368 0.225 0.4424177396280368 0.275 0.4924177396280368 0.275
0.4434191702432013 0.225 0.4434191702432013 0.275 0.4934191702432013 0.275
0.4444206008583658 0.225 0.4444206008583658 0.275 0.4944206008583658 0.275
0.4454220314735303 0.225 0.4454220314735303 0.275 0.4954220314735303 0.275
0.4464234620886948 0.225 0.4464234620886948 0.275 0.4964234620886948 0.275
0.4474248927038593 0.225 0.4474248927038593 0.275 0.4974248927038593 0.275
0.4484263233190238 0.225 0.4484263233190238 0.275 0.4984263233190238 0.275
0.4494277539341883 0.225 0.4494277539341883 0.275 0.4994277539341883 0.275
0.4504291845493528 0.225 0.4504291845493528 0.275 0.5004291845493528 0.275
0.4514306151645173 0.225 0.4514306151645173 0.275 0.5014306151645174 0.275
0.4524320457796818 0.225 0.4524320457796818 0.275 0.5024320457796818 0.275
0.4534334763948463 0.225 0.4534334763948463 0.275 0.5034334763948464 0.275
0.4544349070100108 0.225 0.4544349070100108 0.275 0.5044349070100108 0.275
0.4554363376251753 0.225 0.4554363376251753 0.275 0.5054363376251754 0.275
0.4564377682403398 0.225 0.4564377682403398 0.275 0.5064377682403398 0.275
0.4574391988555043 0.225 0.4574391988555043 0.275 0.5074391988555044 0.275
0.4584406294706688 0.225 0.4584406294706688 0.275 0.5084406294706688 0.275
0.4594420600858333 0.225 0.4594420600858333 0.275 0.5094420600858334 0.275
0.4604434907009978 0.225 0.4604434907009978 0.275 0.5104434907009978 0.275
0.4614449213161623 0.225 0.4614449213161623 0.275 0.5114449213161624 0.275
0.4624463519313268 0.225 0.4624463519313268 0.275 0.5124463519313268 0.275
0.4634477825464913 0.225 0.4634477825464913 0.275 0.5134477825464914 0.275
0.4644492131616558 0.225 0.4644492131616558 0.275 0.5144492131616558 0.275
0.4654506437768203 0.225 0.4654506437768203 0.275 0.5154506437768204 0.275
0.46645207439198483 0.225 0.46645207439198483 0.275 0.5164520743919848 0.275
0.46745350500714933 0.225 0.46745350500714933 0.275 0.5174535050071494 0.275
0.46845493562231383 0.225 0.46845493562231383 0.275 0.5184549356223138 0.275
0.46945636623747833 0.225 0.46945636623747833 0.275 0.5194563662374784 0.275
0.47045779685264283 0.225 0.47045779685264283 0.275 0.5204577968526428 0.275
0.47145922746780733 0.225 0.47145922746780733 0.275 0.5214592274678074 0.275
0.47246065808297183 0.225 0.47246065808297183 0.275 0.5224606580829718 0.275
0.47346208869813633 0.225 0.47346208869813633 0.275 0.5234620886981364 0.275
0.47446351931330083 0.225 0.47446351931330083 0.275 0.5244635193133008 0.275
0.47546494992846533 0.225 0.47546494992846533 0.275 0.5254649499284654 0.275
0.47646638054362983 0.225 0.47646638054362983 0.275 0.5264663805436298 0.275
0.47746781115879433 0.225 0.47746781115879433 0.275 0.5274678111587944 0.275
0.47846924177395883 0.225 0.47846924177395883 0.275 0.5284692417739588 0.275
0.47947067238912333 0.225 0.47947067238912333 0.275 0.5294706723891234 0.275
0.48047210300428783 0.225 0.48047210300428783 0.275 0.5304721030042878 0.275
0.48147353361945233 0.225 0.48147353361945233 0.275 0.5314735336194524 0.275
0.48247496423461683 0.225 0.48247496423461683 0.275 0.5324749642346168 0.275
0.48347639484978133 0.225 0.48347639484978133 0.275 0.5334763948497814 0.275
0.48447782546494583 0.225 0.48447782546494583 0.275 0.5344778254649458 0.275
0.48547925608011033 0.225 0.48547925608011033 0.275 0.5354792560801104 0.275
0.48648068669527483 0.225 0.48648068669527483 0.275 0.5364806866952748 0.275
0.48748211731043933 0.225 0.48748211731043933 0.275 0.5374821173104394 0.275
0.48848354792560383 0.225 0.48848354792560383 0.275 0.5384835479256038 0.275
0.48948497854076833 0.225 0.48948497854076833 0.275 0.5394849785407684 0.275
0.49048640915593283 0.225 0.49048640915593283 0.275 0.5404864091559328 0.275
0.49148783977109733 0.225 0.49148783977109733 0.275 0.5414878397710974 0.275
0.49248927038626183 0.225 0.49248927038626183 0.275 0.5424892703862618 0.275
0.49349070100142634 0.225 0.49349070100142634 0.275 0.5434907010014264 0.275
0.49449213161659084 0.225 0.49449213161659084 0.275 0.5444921316165908 0.275
0.49549356223175534 0.225 0.49549356223175534 0.275 0.5454935622317554 0.275
0.49649499284691984 0.225 0.49649499284691984 0.275 0.5464949928469198 0.275
0.49749642346208434 0.225 0.49749642346208434 0.275 0.5474964234620844 0.275
0.49849785407724884 0.225 0.49849785407724884 0.275 0.5484978540772488 0.275
0.49949928469241334 0.225 0.49949928469241334 0.275 0.5494992846924134 0.275
0.5005007153075779 0.225 0.5005007153075779 0.275 0.5505007153075779 0.275
0.5015021459227424 0.225 0.5015021459227424 0.275 0.5515021459227425 0.275
0.502503576537907 0.225 0.502503576537907 0.275 0.552503576537907 0.275
0.5035050071530716 0.225 0.5035050071530716 0.275 0.5535050071530716 0.275
0.5045064377682361 0.225 0.5045064377682361 0.275 0.5545064377682362 0.275
0.5055078683834007 0.225 0.5055078683834007 0.275 0.5555078683834007 0.275
0.5065092989985652 0.225 0.5065092989985652 0.275 0.5565092989985653 0.275
0.5075107296137298 0.225 0.5075107296137298 0.275 0.5575107296137298 0.275
0.5085121602288943 0.225 0.5085121602288943 0.275 0.5585121602288944 0.275
0.5095135908440589 0.225 0.5095135908440589 0.275 0.5595135908440589 0.275
0.5105150214592235 0.225 0.5105150214592235 0.275 0.5605150214592235 0.275
0.511516452074388 0.225 0.511516452074388 0.275 0.561516452074388 0.275
0.5125178826895526 0.225 0.5125178826895526 0.275 0.5625178826895526 0.275
0.5135193133047171 0.225 0.5135193133047171 0.275 0.5635193133047172 0.275
0.5145207439198817 0.225 0.5145207439198817 0.275 0.5645207439198817 0.275
0.5155221745350462 0.225 0.5155221745350462 0.275 0.5655221745350463 0.275
0.5165236051502108 0.225 0.5165236051502108 0.275 0.5665236051502108 0.275
0.5175250357653753 0.225 0.5175250357653753 0.275 0.5675250357653754 0.275
0.5185264663805399 0.225 0.5185264663805399 0.275 0.5685264663805399 0.275
0.5195278969957045 0.225 0.5195278969957045 0.275 0.5695278969957045 0.275
0.520529327610869 0.225 0.520529327610869 0.275 0.570529327610869 0.275
0.5215307582260336 0.225 0.5215307582260336 0.275 0.5715307582260336 0.275
0.5225321888411981 0.225 0.5225321888411981 0.275 0.5725321888411982 0.275
0.5235336194563627 0.225 0.5235336194563627 0.275 0.5735336194563627 0.275
0.5245350500715272 0.225 0.5245350500715272 0.275 0.5745350500715273 0.275
0.5255364806866918 0.225 0.5255364806866918 0.275 0.5755364806866918 0.275
0.5265379113018563 0.225 0.5265379113018563 0.275 0.5765379113018564 0.275
0.5275393419170209 0.225 0.5275393419170209 0.275 0.5775393419170209 0.275
0.5285407725321855 0.225 0.5285407725321855 0.275 0.5785407725321855 0.275
0.52954220314735 0.225 0.52954220314735 0.275 0.57954220314735 0.275
0.5305436337625146 0.225 0.5305436337625146 0.275 0.5805436337625146 0.275
0.5315450643776791 0.225 0.5315450643776791 0.275 0.5815450643776792 0.275
0.5325464949928437 0.225 0.5325464949928437 0.275 0.5825464949928437 0.275
0.5335479256080082 0.225 0.5335479256080082 0.275 0.5835479256080083 0.275
0.5345493562231728 0.225 0.5345493562231728 0.275 0.5845493562231728 0.275
0.5355507868383373 0.225 0.5355507868383373 0.275 0.5855507868383374 0.275
0.5365522174535019 0.225 0.5365522174535019 0.275 0.586552217453502 0.275
0.5375536480686665 0.225 0.5375536480686665 0.275 0.5875536480686665 0.275
0.538555078683831 0.225 0.538555078683831 0.275 0.5885550786838311 0.275
0.5395565092989956 0.225 0.5395565092989956 0.275 0.5895565092989956 0.275
0.5405579399141601 0.225 0.5405579399141601 0.275 0.5905579399141602 0.275
0.5415593705293247 0.225 0.5415593705293247 0.275 0.5915593705293247 0.275
0.5425608011444892 0.225 0.5425608011444892 0.275 0.5925608011444893 0.275
0.5435622317596538 0.225 0.5435622317596538 0.275 0.5935622317596538 0.275
0.5445636623748183 0.225 0.5445636623748183 0.275 0.5945636623748184 0.275
0.5455650929899829 0.225 0.5455650929899829 0.275 0.595565092989983 0.275
0.5465665236051475 0.225 0.5465665236051475 0.275 0.5965665236051475 0.275
0.547567954220312 0.225 0.547567954220312 0.275 0.5975679542203121 0.275
0.5485693848354766 0.225 0.5485693848354766 0.275 0.5985693848354766 0.275
0.5495708154506411 0.225 0.5495708154506411 0.275 0.5995708154506412 0.275
0.5505722460658057 0.225 0.5505722460658057 0.275 0.6005722460658057 0.275
0.5515736766809702 0.225 0.5515736766809702 0.275 0.6015736766809703 0.275
0.5525751072961348 0.225 0.5525751072961348 0.275 0.6025751072961348 0.275
0.5535765379112993 0.225 0.5535765379112993 0.275 0.6035765379112994 0.275
0.5545779685264639 0.225 0.5545779685264639 0.275 0.604577968526464 0.275
0.5555793991416285 0.225 0.5555793991416285 0.275 0.6055793991416285 0.275
0.556580829756793 0.225 0.556580829756793 0.275 0.6065808297567931 0.275
0.5575822603719576 0.225 0.5575822603719576 0.275 0.6075822603719576 0.275
0.5585836909871221 0.225 0.5585836909871221 0.275 0.6085836909871222 0.275
0.5595851216022867 0.225 0.5595851216022867 0.275 0.6095851216022867 0.275
0.5605865522174512 0.225 0.5605865522174512 0.275 0.6105865522174513 0.275
0.5615879828326158 0.225 0.5615879828326158 0.275 0.6115879828326158 0.275
0.5625894134477804 0.225 0.5625894134477804 0.275 0.6125894134477804 0.275
0.5635908440629449 0.225 0.5635908440629449 0.275 0.613590844062945 0.275
0.5645922746781095 0.225 0.5645922746781095 0.275 0.6145922746781095 0.275
0.565593705293274 0.225 0.565593705293274 0.275 0.6155937052932741 0.275
0.5665951359084386 0.225 0.5665951359084386 0.275 0.6165951359084386 0.275
0.5675965665236031 0.225 0.5675965665236031 0.275 0.6175965665236032 0.275
0.5685979971387677 0.225 0.5685979971387677 0.275 0.6185979971387677 0.275
0.5695994277539322 0.225 0.5695994277539322 0.275 0.6195994277539323 0.275
0.5706008583690968 0.225 0.5706008583690968 0.275 0.6206008583690968 0.275
0.5716022889842614 0.225 0.5716022889842614 0.275 0.6216022889842614 0.275
0.5726037195994259 0.225 0.5726037195994259 0.275 0.622603719599426 0.275
0.5736051502145905 0.225 0.5736051502145905 0.275 0.6236051502145905 0.275
0.574606580829755 0.225 0.574606580829755 0.275 0.6246065808297551 0.275
0.5756080114449196 0.225 0.5756080114449196 0.275 0.6256080114449196 0.275
0.5766094420600841 0.225 0.5766094420600841 0.275 0.6266094420600842 0.275
0.5776108726752487 0.225 0.5776108726752487 0.275 0.6276108726752487 0.275
0.5786123032904132 0.225 0.5786123032904132 0.275 0.6286123032904133 0.275
0.5796137339055778 0.225 0.5796137339055778 0.275 0.6296137339055778 0.275
0.5806151645207424 0.225 0.5806151645207424 0.275 0.6306151645207424 0.275
0.5816165951359069 0.225 0.5816165951359069 0.275 0.631616595135907 0.275
0.5826180257510715 0.225 0.5826180257510715 0.275 0.6326180257510715 0.275
0.583619456366236 0.225 0.583619456366236 0.275 0.6336194563662361 0.275
0.5846208869814006 0.225 0.5846208869814006 0.275 0.6346208869814006 0.275
0.5856223175965651 0.225 0.5856223175965651 0.275 0.6356223175965652 0.275
0.5866237482117297 0.225 0.5866237482117297 0.275 0.6366237482117297 0.275
0.5876251788268942 0.225 0.5876251788268942 0.275 0.6376251788268943 0.275
0.5886266094420588 0.225 0.5886266094420588 0.275 0.6386266094420588 0.275
0.5896280400572234 0.225 0.5896280400572234 0.275 0.6396280400572234 0.275
0.5906294706723879 0.225 0.5906294706723879 0.275 0.640629470672388 0.275
0.5916309012875525 0.225 0.5916309012875525 0.275 0.6416309012875525 0.275
0.592632331902717 0.225 0.592632331902717 0.275 0.6426323319027171 0.275
0.5936337625178816 0.225 0.5936337625178816 0.275 0.6436337625178816 0.275
0.5946351931330461 0.225 0.5946351931330461 0.275 0.6446351931330462 0.275
0.5956366237482107 0.225 0.5956366237482107 0.275 0.6456366237482107 0.275
0.5966380543633752 0.225 0.5966380543633752 0.275 0.6466380543633753 0.275
0.5976394849785398 0.225 0.5976394849785398 0.275 0.6476394849785398 0.275
0.5986409155937044 0.225 0.5986409155937044 0.275 0.6486409155937044 0.275
0.5996423462088689 0.225 0.5996423462088689 0.275 0.649642346208869 0.275
0.6006437768240335 0.225 0.6006437768240335 0.275 0.6506437768240335 0.275
0.601645207439198 0.225 0.601645207439198 0.275 0.6516452074391981 0.275
0.6026466380543626 0.225 0.6026466380543626 0.275 0.6526466380543626 0.275
0.6036480686695271 0.225 0.6036480686695271 0.275 0.6536480686695272 0.275
0.6046494992846917 0.225 0.6046494992846917 0.275 0.6546494992846917 0.275
0.6056509298998562 0.225 0.6056509298998562 0.275 0.6556509298998563 0.275
0.6066523605150208 0.225 0.6066523605150208 0.275 0.6566523605150208 0.275
0.6076537911301854 0.225 0.6076537911301854 0.275 0.6576537911301854 0.275
0.6086552217453499 0.225 0.6086552217453499 0.275 0.65865522174535 0.275
0.6096566523605145 0.225 0.6096566523605145 0.275 0.6596566523605145 0.275
0.610658082975679 0.225 0.610658082975679 0.275 0.6606580829756791 0.275
0.6116595135908436 0.225 0.6116595135908436 0.275 0.6616595135908436 0.275
0.6126609442060081 0.225 0.6126609442060081 0.275 0.6626609442060082 0.275
0.6136623748211727 0.225 0.6136623748211727 0.275 0.6636623748211727 0.275
0.6146638054363373 0.225 0.6146638054363373 0.275 0.6646638054363373 0.275
0.6156652360515018 0.225 0.6156652360515018 0.275 0.6656652360515019 0.275
0.6166666666666664 0.225 0.6166666666666664 0.275 0.6666666666666664 0.275
0.6176680972818309 0.225 0.6176680972818309 0.275 0.667668097281831 0.275
0.6186695278969955 0.225 0.6186695278969955 0.275 0.6686695278969955 0.275
0.61967095851216 0.225 0.61967095851216 0.275 0.6696709585121601 0.275
0.6206723891273246 0.225 0.6206723891273246 0.275 0.6706723891273246 0.275
0.6216738197424891 0.225 0.6216738197424891 0.275 0.6716738197424892 0.275
0.6226752503576537 0.225 0.6226752503576537 0.275 0.6726752503576537 0.275
0.6236766809728183 0.225 0.6236766809728183 0.275 0.6736766809728183 0.275
0.6246781115879828 0.225 0.6246781115879828 0.275 0.6746781115879829 0.275
0.6256795422031474 0.225 0.6256795422031474 0.275 0.6756795422031474 0.275
0.6266809728183119 0.225 0.6266809728183119 0.275 0.676680972818312 0.275
0.6276824034334765 0.225 0.6276824034334765 0.275 0.6776824034334765 0.275
0.628683834048641 0.225 0.628683834048641 0.275 0.6786838340486411 0.275
0.6296852646638056 0.225 0.6296852646638056 0.275 0.6796852646638056 0.275
0.6306866952789701 0.225 0.6306866952789701 0.275 0.6806866952789702 0.275
0.6316881258941347 0.225 0.6316881258941347 0.275 0.6816881258941347 0.275
0.6326895565092993 0.225 0.6326895565092993 0.275 0.6826895565092993 0.275
0.6336909871244638 0.225 0.6336909871244638 0.275 0.6836909871244639 0.275
0.6346924177396284 0.225 0.6346924177396284 0.275 0.6846924177396284 0.275
0.6356938483547929 0.225 0.6356938483547929 0.275 0.685693848354793 0.275
0.6366952789699575 0.225 0.6366952789699575 0.275 0.6866952789699575 0.275
0.637696709585122 0.225 0.637696709585122 0.275 0.6876967095851221 0.275
0.6386981402002866 0.225 0.6386981402002866 0.275 0.6886981402002866 0.275
0.6396995708154511 0.225 0.6396995708154511 0.275 0.6896995708154512 0.275
0.6407010014306157 0.225 0.6407010014306157 0.275 0.6907010014306157 0.275
0.6417024320457803 0.225 0.6417024320457803 0.275 0.6917024320457803 0.275
0.6427038626609448 0.225 0.6427038626609448 0.275 0.6927038626609449 0.275
0.6437052932761094 0.225 0.6437052932761094 0.275 0.6937052932761094 0.275
0.6447067238912739 0.225 0.6447067238912739 0.275 0.694706723891274 0.275
0.6457081545064385 0.225 0.6457081545064385 0.275 0.6957081545064385 0.275
0.646709585121603 0.225 0.646709585121603 0.275 0.6967095851216031 0.275
0.6477110157367676 0.225 0.6477110157367676 0.275 0.6977110157367676 0.275
0.6487124463519321 0.225 0.6487124463519321 0.275 0.6987124463519322 0.275
0.6497138769670967 0.225 0.6497138769670967 0.275 0.6997138769670967 0.275
0.6507153075822613 0.225 0.6507153075822613 0.275 0.7007153075822613 0.275
0.6517167381974258 0.225 0.6517167381974258 0.275 0.7017167381974259 0.275
0.6527181688125904 0.225 0.6527181688125904 0.275 0.7027181688125904 0.275
0.6537195994277549 0.225 0.6537195994277549 0.275 0.703719599427755 0.275
0.6547210300429195 0.225 0.6547210300429195 0.275 0.7047210300429195 0.275
0.655722460658084 0.225 0.655722460658084 0.275 0.7057224606580841 0.275
0.6567238912732486 0.225 0.6567238912732486 0.275 0.7067238912732486 0.275
0.6577253218884132 0.225 0.6577253218884132 0.275 0.7077253218884132 0.275
0.6587267525035777 0.225 0.6587267525035777 0.275 0.7087267525035778 0.275
0.6597281831187423 0.225 0.6597281831187423 0.275 0.7097281831187423 0.275
0.6607296137339068 0.225 0.6607296137339068 0.275 0.7107296137339069 0.275
0.6617310443490714 0.225 0.6617310443490714 0.275 0.7117310443490714 0.275
0.6627324749642359 0.225 0.6627324749642359 0.275 0.712732474964236 0.275
0.6637339055794005 0.225 0.6637339055794005 0.275 0.7137339055794005 0.275
0.664735336194565 0.225 0.664735336194565 0.275 0.7147353361945651 0.275
0.6657367668097296 0.225 0.6657367668097296 0.275 0.7157367668097296 0.275
0.6667381974248942 0.225 0.6667381974248942 0.275 0.7167381974248942 0.275
0.6677396280400587 0.225 0.6677396280400587 0.275 0.7177396280400588 0.275
0.6687410586552233 0.225 0.6687410586552233 0.275 0.7187410586552233 0.275
0.6697424892703878 0.225 0.6697424892703878 0.275 0.7197424892703879 0.275
0.6707439198855524 0.225 0.6707439198855524 0.275 0.7207439198855524 0.275
0.6717453505007169 0.225 0.6717453505007169 0.275 0.721745350500717 0.275
0.6727467811158815 0.225 0.6727467811158815 0.275 0.7227467811158815 0.275
0.673748211731046 0.225 0.673748211731046 0.275 0.7237482117310461 0.275
0.6747496423462106 0.225 0.6747496423462106 0.275 0.7247496423462106 0.275
0.6757510729613752 0.225 0.6757510729613752 0.275 0.7257510729613752 0.275
0.6767525035765397 0.225 0.6767525035765397 0.275 0.7267525035765398 0.275
0.6777539341917043 0.225 0.6777539341917043 0.275 0.7277539341917043 0.275
0.6787553648068688 0.225 0.6787553648068688 0.275 0.7287553648068689 0.275
0.6797567954220334 0.225 0.6797567954220334 0.275 0.7297567954220334 0.275
0.6807582260371979 0.225 0.6807582260371979 0.275 0.730758226037198 0.275
0.6817596566523625 0.225 0.6817596566523625 0.275 0.7317596566523625 0.275
0.682761087267527 0.225 0.682761087267527 0.275 0.7327610872675271 0.275
0.6837625178826916 0.225 0.6837625178826916 0.275 0.7337625178826916 0.275
0.6847639484978562 0.225 0.6847639484978562 0.275 0.7347639484978562 0.275
0.6857653791130207 0.225 0.6857653791130207 0.275 0.7357653791130208 0.275
0.6867668097281853 0.225 0.6867668097281853 0.275 0.7367668097281853 0.275
0.6877682403433498 0.225 0.6877682403433498 0.275 0.7377682403433499 0.275
0.6887696709585144 0.225 0.6887696709585144 0.275 0.7387696709585144 0.275
0.6897711015736789 0.225 0.6897711015736789 0.275 0.739771101573679 0.275
0.6907725321888435 0.225 0.6907725321888435 0.275 0.7407725321888435 0.275
0.691773962804008 0.225 0.691773962804008 0.275 0.7417739628040081 0.275
0.6927753934191726 0.225 0.6927753934191726 0.275 0.7427753934191726 0.275
0.6937768240343372 0.225 0.6937768240343372 0.275 0.7437768240343372 0.275
0.6947782546495017 0.225 0.6947782546495017 0.275 0.7447782546495018 0.275
0.6957796852646663 0.225 0.6957796852646663 0.275 0.7457796852646663 0.275
0.6967811158798308 0.225 0.6967811158798308 0.275 0.7467811158798309 0.275
0.6977825464949954 0.225 0.6977825464949954 0.275 0.7477825464949954 0.275
0.6987839771101599 0.225 0.6987839771101599 0.275 0.74878397711016 0.275
0.6997854077253245 0.225 0.6997854077253245 0.275 0.7497854077253245 0.275
0.700786838340489 0.225 0.700786838340489 0.275 0.7507868383404891 0.275
0.7017882689556536 0.225 0.7017882689556536 0.275 0.7517882689556536 0.275
0.7027896995708182 0.225 0.7027896995708182 0.275 0.7527896995708182 0.275
0.7037911301859827 0.225 0.7037911301859827 0.275 0.7537911301859828 0.275
0.7047925608011473 0.225 0.7047925608011473 0.275 0.7547925608011473 0.275
0.7057939914163118 0.225 0.7057939914163118 0.275 0.7557939914163119 0.275
0.7067954220314764 0.225 0.7067954220314764 0.275 0.7567954220314764 0.275
0.7077968526466409 0.225 0.7077968526466409 0.275 0.757796852646641 0.275
0.7087982832618055 0.225 0.7087982832618055 0.275 0.7587982832618055 0.275
0.70979971387697 0.225 0.70979971387697 0.275 0.7597997138769701 0.275
0.7108011444921346 0.225 0.7108011444921346 0.275 0.7608011444921347 0.275
0.7118025751072992 0.225 0.7118025751072992 0.275 0.7618025751072992 0.275
0.7128040057224637 0.225 0.7128040057224637 0.275 0.7628040057224638 0.275
0.7138054363376283 0.225 0.7138054363376283 0.275 0.7638054363376283 0.275
0.7148068669527928 0.225 0.7148068669527928 0.275 0.7648068669527929 0.275
0.7158082975679574 0.225 0.7158082975679574 0.275 0.7658082975679574 0.275
0.7168097281831219 0.225 0.7168097281831219 0.275 0.766809728183122 0.275
0.7178111587982865 0.225 0.7178111587982865 0.275 0.7678111587982865 0.275
0.718812589413451 0.225 0.718812589413451 0.275 0.7688125894134511 0.275
0.7198140200286156 0.225 0.7198140200286156 0.275 0.7698140200286157 0.275
0.7208154506437802 0.225 0.7208154506437802 0.275 0.7708154506437802 0.275
0.7218168812589447 0.225 0.7218168812589447 0.275 0.7718168812589448 0.275
0.7228183118741093 0.225 0.7228183118741093 0.275 0.7728183118741093 0.275
0.7238197424892738 0.225 0.7238197424892738 0.275 0.7738197424892739 0.275
0.7248211731044384 0.225 0.7248211731044384 0.275 0.7748211731044384 0.275
0.7258226037196029 0.225 0.7258226037196029 0.275 0.775822603719603 0.275
0.7268240343347675 0.225 0.7268240343347675 0.275 0.7768240343347675 0.275
0.727825464949932 0.225 0.727825464949932 0.275 0.7778254649499321 0.275
0.7288268955650966 0.225 0.7288268955650966 0.275 0.7788268955650967 0.275
0.7298283261802612 0.225 0.7298283261802612 0.275 0.7798283261802612 0.275
0.7308297567954257 0.225 0.7308297567954257 0.275 0.7808297567954258 0.275
0.7318311874105903 0.225 0.7318311874105903 0.275 0.7818311874105903 0.275
0.7328326180257548 0.225 0.7328326180257548 0.275 0.7828326180257549 0.275
0.7338340486409194 0.225 0.7338340486409194 0.275 0.7838340486409194 0.275
0.734835479256084 0.225 0.734835479256084 0.275 0.784835479256084 0.275
0.7358369098712485 0.225 0.7358369098712485 0.275 0.7858369098712485 0.275
0.7368383404864131 0.225 0.7368383404864131 0.275 0.7868383404864131 0.275
0.7378397711015776 0.225 0.7378397711015776 0.275 0.7878397711015777 0.275
0.7388412017167422 0.225 0.7388412017167422 0.275 0.7888412017167422 0.275
0.7398426323319067 0.225 0.7398426323319067 0.275 0.7898426323319068 0.275
0.7408440629470713 0.225 0.7408440629470713 0.275 0.7908440629470713 0.275
0.7418454935622358 0.225 0.7418454935622358 0.275 0.7918454935622359 0.275
0.7428469241774004 0.225 0.7428469241774004 0.275 0.7928469241774004 0.275
0.743848354792565 0.225 0.743848354792565 0.275 0.793848354792565 0.275
0.7448497854077295 0.225 0.7448497854077295 0.275 0.7948497854077295 0.275
0.7458512160228941 0.225 0.7458512160228941 0.275 0.7958512160228941 0.275
0.7468526466380586 0.225 0.7468526466380586 0.275 0.7968526466380587 0.275
0.7478540772532232 0.225 0.7478540772532232 0.275 0.7978540772532232 0.275
0.7488555078683877 0.225 0.7488555078683877 0.275 0.7988555078683878 0.275
0.7498569384835523 0.225 0.7498569384835523 0.275 0.7998569384835523 0.275
0.7508583690987168 0.225 0.7508583690987168 0.275 0.8008583690987169 0.275
0.7518597997138814 0.225 0.7518597997138814 0.275 0.8018597997138814 0.275
0.752861230329046 0.225 0.752861230329046 0.275 0.802861230329046 0.275
0.7538626609442105 0.225 0.7538626609442105 0.275 0.8038626609442105 0.275
0.7548640915593751 0.225 0.7548640915593751 0.275 0.8048640915593751 0.275
0.7558655221745396 0.225 0.7558655221745396 0.275 0.8058655221745397 0.275
0.7568669527897042 0.225 0.7568669527897042 0.275 0.8068669527897042 0.275
0.7578683834048687 0.225 0.7578683834048687 0.275 0.8078683834048688 0.275
0.7588698140200333 0.225 0.7588698140200333 0.275 0.8088698140200333 0.275
0.7598712446351978 0.225 0.7598712446351978 0.275 0.8098712446351979 0.275
0.7608726752503624 0.225 0.7608726752503624 0.275 0.8108726752503624 0.275
0.761874105865527 0.225 0.761874105865527 0.275 0.811874105865527 0.275
0.7628755364806915 0.225 0.7628755364806915 0.275 0.8128755364806916 0.275
0.7638769670958561 0.225 0.7638769670958561 0.275 0.8138769670958561 0.275
0.7648783977110206 0.225 0.7648783977110206 0.275 0.8148783977110207 0.275
0.7658798283261852 0.225 0.7658798283261852 0.275 0.8158798283261852 0.275
0.7668812589413497 0.225 0.7668812589413497 0.275 0.8168812589413498 0.275
0.7678826895565143 0.225 0.7678826895565143 0.275 0.8178826895565143 0.275
0.7688841201716788 0.225 0.7688841201716788 0.275 0.8188841201716789 0.275
0.7698855507868434 0.225 0.7698855507868434 0.275 0.8198855507868434 0.275
0.770886981402008 0.225 0.770886981402008 0.275 0.820886981402008 0.275
0.7718884120171725 0.225 0.7718884120171725 0.275 0.8218884120171726 0.275
0.7728898426323371 0.225 0.7728898426323371 0.275 0.8228898426323371 0.275
0.7738912732475016 0.225 0.7738912732475016 0.275 0.8238912732475017 0.275
0.7748927038626662 0.225 0.7748927038626662 0.275 0.8248927038626662 0.275
0.7758941344778307 0.225 0.7758941344778307 0.275 0.8258941344778308 0.275
0.7768955650929953 0.225 0.7768955650929953 0.275 0.8268955650929953 0.275
0.7778969957081598 0.225 0.7778969957081598 0.275 0.8278969957081599 0.275
0.7788984263233244 0.225 0.7788984263233244 0.275 0.8288984263233244 0.275
0.779899856938489 0.225 0.779899856938489 0.275 0.829899856938489 0.275
0.7809012875536535 0.225 0.7809012875536535 0.275 0.8309012875536536 0.275
0.7819027181688181 0.225 0.7819027181688181 0.275 0.8319027181688181 0.275
0.7829041487839826 0.225 0.7829041487839826 0.275 0.8329041487839827 0.275
0.7839055793991472 0.225 0.7839055793991472 0.275 0.8339055793991472 0.275
0.7849070100143117 0.225 0.7849070100143117 0.275 0.8349070100143118 0.275
0.7859084406294763 0.225 0.7859084406294763 0.275 0.8359084406294763 0.275
0.7869098712446408 0.225 0.7869098712446408 0.275 0.8369098712446409 0.275
0.7879113018598054 0.225 0.7879113018598054 0.275 0.8379113018598054 0.275
0.78891273247497 0.225 0.78891273247497 0.275 0.83891273247497 0.275
0.7899141630901345 0.225 0.7899141630901345 0.275 0.8399141630901346 0.275
0.7909155937052991 0.225 0.7909155937052991 0.275 0.8409155937052991 0.275
0.7919170243204636 0.225 0.7919170243204636 0.275 0.8419170243204637 0.275
0.7929184549356282 0.225 0.7929184549356282 0.275 0.8429184549356282 0.275
0.7939198855507927 0.225 0.7939198855507927 0.275 0.8439198855507928 0.275
0.7949213161659573 0.225 0.7949213161659573 0.275 0.8449213161659573 0.275
0.7959227467811218 0.225 0.7959227467811218 0.275 0.8459227467811219 0.275
0.7969241773962864 0.225 0.7969241773962864 0.275 0.8469241773962864 0.275
0.797925608011451 0.225 0.797925608011451 0.275 0.847925608011451 0.275
0.7989270386266155 0.225 0.7989270386266155 0.275 0.8489270386266156 0.275
0.7999284692417801 0.225 0.7999284692417801 0.275 0.8499284692417801 0.275
0.8009298998569446 0.225 0.8009298998569446 0.275 0.8509298998569447 0.275
0.8019313304721092 0.225 0.8019313304721092 0.275 0.8519313304721092 0.275
0.8029327610872737 0.225 0.8029327610872737 0.275 0.8529327610872738 0.275
0.8039341917024383 0.225 0.8039341917024383 0.275 0.8539341917024383 0.275
0.8049356223176029 0.225 0.8049356223176029 0.275 0.8549356223176029 0.275
0.8059370529327674 0.225 0.8059370529327674 0.275 0.8559370529327675 0.275
0.806938483547932 0.225 0.806938483547932 0.275 0.856938483547932 0.275
0.8079399141630965 0.225 0.8079399141630965 0.275 0.8579399141630966 0.275
0.8089413447782611 0.225 0.8089413447782611 0.275 0.8589413447782611 0.275
0.8099427753934256 0.225 0.8099427753934256 0.275 0.8599427753934257 0.275
0.8109442060085902 0.225 0.8109442060085902 0.275 0.8609442060085902 0.275
0.8119456366237547 0.225 0.8119456366237547 0.275 0.8619456366237548 0.275
0.8129470672389193 0.225 0.8129470672389193 0.275 0.8629470672389193 0.275
0.8139484978540839 0.225 0.8139484978540839 0.275 0.8639484978540839 0.275
0.8149499284692484 0.225 0.8149499284692484 0.275 0.8649499284692485 0.275
0.815951359084413 0.225 0.815951359084413 0.275 0.865951359084413 0.275
0.8169527896995775 0.225 0.8169527896995775 0.275 0.8669527896995776 0.275
0.8179542203147421 0.225 0.8179542203147421 0.275 0.8679542203147421 0.275
0.8189556509299066 0.225 0.8189556509299066 0.275 0.8689556509299067 0.275
0.8199570815450712 0.225 0.8199570815450712 0.275 0.8699570815450712 0.275
0.8209585121602357 0.225 0.8209585121602357 0.275 0.8709585121602358 0.275
0.8219599427754003 0.225 0.8219599427754003 0.275 0.8719599427754003 0.275
0.8229613733905649 0.225 0.8229613733905649 0.275 0.8729613733905649 0.275
0.8239628040057294 0.225 0.8239628040057294 0.275 0.8739628040057295 0.275
0.824964234620894 0.225 0.824964234620894 0.275 0.874964234620894 0.275
0.8259656652360585 0.225 0.8259656652360585 0.275 0.8759656652360586 0.275
0.8269670958512231 0.225 0.8269670958512231 0.275 0.8769670958512231 0.275
0.8279685264663876 0.225 0.8279685264663876 0.275 0.8779685264663877 0.275
0.8289699570815522 0.225 0.8289699570815522 0.275 0.8789699570815522 0.275
0.8299713876967167 0.225 0.8299713876967167 0.275 0.8799713876967168 0.275
0.8309728183118813 0.225 0.8309728183118813 0.275 0.8809728183118813 0.275
0.8319742489270459 0.225 0.8319742489270459 0.275 0.8819742489270459 0.275
0.8329756795422104 0.225 0.8329756795422104 0.275 0.8829756795422105 0.275
0.833977110157375 0.225 0.833977110157375 0.275 0.883977110157375 0.275
0.8349785407725395 0.225 0.8349785407725395 0.275 0.8849785407725396 0.275
0.8359799713877041 0.225 0.8359799713877041 0.275 0.8859799713877041 0.275
0.8369814020028686 0.225 0.8369814020028686 0.275 0.8869814020028687 0.275
0.8379828326180332 0.225 0.8379828326180332 0.275 0.8879828326180332 0.275
0.8389842632331977 0.225 0.8389842632331977 0.275 0.8889842632331978 0.275
0.8399856938483623 0.225 0.8399856938483623 0.275 0.8899856938483623 0.275
0.8409871244635269 0.225 0.8409871244635269 0.275 0.8909871244635269 0.275
0.8419885550786914 0.225 0.8419885550786914 0.275 0.8919885550786915 0.275
0.842989985693856 0.225 0.842989985693856 0.275 0.892989985693856 0.275
0.8439914163090205 0.225 0.8439914163090205 0.275 0.8939914163090206 0.275
0.8449928469241851 0.225 0.8449928469241851 0.275 0.8949928469241851 0.275
0.8459942775393496 0.225 0.8459942775393496 0.275 0.8959942775393497 0.275
0.8469957081545142 0.225 0.8469957081545142 0.275 0.8969957081545142 0.275
0.8479971387696787 0.225 0.8479971387696787 0.275 0.8979971387696788 0.275
0.8489985693848433 0.225 0.8489985693848433 0.275 0.8989985693848433 0.275
0.8500000000000079 0.225 0.8500000000000079 0.275 0.9000000000000079 0.275
0.85 0.225 0.85 0.275 0.9 0.275